Id,Y
16384,0.56342024
16385,0.49644524
16386,0.60661983
16387,0.5625462
16388,0.45299527
16389,0.54960203
16390,0.39580137
16391,0.578595
16392,0.57227653
16393,0.5461753
16394,0.44071838
16395,0.4781503
16396,0.49235174
16397,0.61235416
16398,0.53534794
16399,0.52992797
16400,0.43972847
16401,0.56050986
16402,0.5282436
16403,0.48217386
16404,0.5791028
16405,0.5704179
16406,0.4364487
16407,0.4777701
16408,0.51928174
16409,0.6340463
16410,0.4813063
16411,0.47514525
16412,0.4735612
16413,0.46126112
16414,0.44468227
16415,0.41842887
16416,0.47102255
16417,0.46229684
16418,0.46671554
16419,0.55751055
16420,0.54957724
16421,0.4249846
16422,0.7173039
16423,0.41080818
16424,0.52560186
16425,0.6492217
16426,0.57144266
16427,0.58030933
16428,0.48559424
16429,0.46316817
16430,0.43765318
16431,0.45462945
16432,0.5379821
16433,0.50785595
16434,0.46939975
16435,0.79009044
16436,0.5476447
16437,0.66597366
16438,0.43856102
16439,0.53476226
16440,0.41803458
16441,0.47236446
16442,0.5409546
16443,0.5332216
16444,0.4608379
16445,0.44957387
16446,0.5532255
16447,0.47949177
16448,0.49336454
16449,0.40344188
16450,0.55307287
16451,0.5402511
16452,0.4657583
16453,0.45141658
16454,0.48004565
16455,0.43916664
16456,0.506912
16457,0.55747205
16458,0.4799374
16459,0.4815415
16460,0.5149391
16461,0.54936725
16462,0.4608603
16463,0.58401835
16464,0.55391645
16465,0.6219648
16466,0.47351807
16467,0.47471526
16468,0.6215309
16469,0.5156096
16470,0.5571194
16471,0.5494136
16472,0.5713166
16473,0.45522362
16474,0.37437338
16475,0.7007619
16476,0.4318838
16477,0.47269714
16478,0.6772107
16479,0.5963297
16480,0.58361864
16481,0.47272888
16482,0.5342553
16483,0.49836352
16484,0.4805287
16485,0.44001773
16486,0.56612056
16487,0.5650851
16488,0.38580403
16489,0.4351438
16490,0.42984334
16491,0.558246
16492,0.42918837
16493,0.5485412
16494,0.551244
16495,0.8459157
16496,0.56739163
16497,0.49194092
16498,0.54613376
16499,0.5306804
16500,0.5459709
16501,0.47924584
16502,0.45663583
16503,0.39917707
16504,0.5762765
16505,0.57630193
16506,0.47227365
16507,0.47698247
16508,0.5409636
16509,0.54872096
16510,0.7514348
16511,0.51403606
16512,0.57696044
16513,0.47228828
16514,0.4182427
16515,0.4829847
16516,0.43935534
16517,0.41808856
16518,0.44217914
16519,0.5557041
16520,0.50541174
16521,0.44801003
16522,0.47167143
16523,0.4774519
16524,0.43851897
16525,0.3878708
16526,0.5280862
16527,0.46212548
16528,0.50790215
16529,0.47029743
16530,0.42045367
16531,0.4192879
16532,0.5448956
16533,0.42037445
16534,0.61751854
16535,0.4896979
16536,0.57534015
16537,0.642735
16538,0.50899476
16539,0.44571787
16540,0.5902101
16541,0.4722568
16542,0.562222
16543,0.57874155
16544,0.4714994
16545,0.5366072
16546,0.4248617
16547,0.4686394
16548,0.5104935
16549,0.56814975
16550,0.4658916
16551,0.4193807
16552,0.5432653
16553,0.50433546
16554,0.686294
16555,0.5937637
16556,0.47211212
16557,0.5716677
16558,0.47040904
16559,0.43747008
16560,0.4667235
16561,0.48458984
16562,0.39262334
16563,0.55153394
16564,0.46871927
16565,0.4645507
16566,0.43365863
16567,0.40144086
16568,0.4762232
16569,0.59909195
16570,0.48910066
16571,0.5931274
16572,0.47257385
16573,0.5681229
16574,0.55892974
16575,0.5934683
16576,0.4681206
16577,0.56801826
16578,0.47950533
16579,0.5033121
16580,0.42459014
16581,0.42008904
16582,0.48925894
16583,0.43150708
16584,0.57660115
16585,0.6378131
16586,0.5456712
16587,0.5572859
16588,0.49044645
16589,0.5456964
16590,0.5482501
16591,0.6075874
16592,0.4367488
16593,0.56761384
16594,0.56684506
16595,0.4312653
16596,0.47317672
16597,0.439115
16598,0.8051436
16599,0.4925878
16600,0.47479832
16601,0.64189893
16602,0.7717618
16603,0.55431646
16604,0.5526711
16605,0.5613513
16606,0.4390964
16607,0.4411172
16608,0.52027863
16609,0.47335836
16610,0.57943606
16611,0.5072901
16612,0.5505017
16613,0.4743159
16614,0.48067367
16615,0.5112797
16616,0.4338582
16617,0.58215237
16618,0.4461518
16619,0.46828976
16620,0.55565166
16621,0.42555156
16622,0.5378309
16623,0.66978735
16624,0.54865956
16625,0.55166227
16626,0.63213485
16627,0.45538667
16628,0.49654403
16629,0.5253242
16630,0.5253893
16631,0.5316716
16632,0.5351101
16633,0.5591024
16634,0.45911682
16635,0.45050633
16636,0.54366374
16637,0.629401
16638,0.39925647
16639,0.5750697
16640,0.48716825
16641,0.5480281
16642,0.7487407
16643,0.4235751
16644,0.44641626
16645,0.66663224
16646,0.51465094
16647,0.5235017
16648,0.48263282
16649,0.5447805
16650,0.44411886
16651,0.402127
16652,0.5591538
16653,0.40598276
16654,0.58704364
16655,0.4356498
16656,0.5552245
16657,0.50979173
16658,0.49858597
16659,0.5481289
16660,0.6177682
16661,0.5535715
16662,0.6185883
16663,0.449433
16664,0.5820442
16665,0.5784991
16666,0.5498681
16667,0.54118603
16668,0.5546504
16669,0.5658304
16670,0.53374004
16671,0.4037972
16672,0.5565082
16673,0.545645
16674,0.5325972
16675,0.5920639
16676,0.6490737
16677,0.57012033
16678,0.555007
16679,0.58847827
16680,0.46676823
16681,0.4064691
16682,0.4937735
16683,0.48443672
16684,0.5596
16685,0.49912715
16686,0.5617877
16687,0.5867379
16688,0.5164072
16689,0.57461494
16690,0.48382452
16691,0.53645355
16692,0.47296977
16693,0.5421649
16694,0.5422887
16695,0.5423163
16696,0.45478338
16697,0.5072617
16698,0.54274285
16699,0.56281376
16700,0.52837354
16701,0.5134041
16702,0.5891848
16703,0.47963998
16704,0.5723169
16705,0.38632044
16706,0.5592252
16707,0.4002193
16708,0.4748764
16709,0.64025486
16710,0.4562478
16711,0.38719973
16712,0.5471151
16713,0.5006882
16714,0.80155826
16715,0.5887492
16716,0.48080608
16717,0.60347766
16718,0.74788725
16719,0.5205129
16720,0.5883287
16721,0.5540477
16722,0.5490589
16723,0.5682513
16724,0.48281434
16725,0.5634709
16726,0.47007275
16727,0.583078
16728,0.55293816
16729,0.4929807
16730,0.46449876
16731,0.5644179
16732,0.5818295
16733,0.4743505
16734,0.47465748
16735,0.56576365
16736,0.5709796
16737,0.7226027
16738,0.46279266
16739,0.46939012
16740,0.4820528
16741,0.5737809
16742,0.46890697
16743,0.5566289
16744,0.53695095
16745,0.538888
16746,0.47110415
16747,0.6184783
16748,0.56427586
16749,0.5930566
16750,0.57949257
16751,0.53243893
16752,0.54849094
16753,0.45724842
16754,0.56528115
16755,0.6057703
16756,0.46107644
16757,0.7648963
16758,0.5133249
16759,0.5677123
16760,0.47466293
16761,0.5730654
16762,0.49127856
16763,0.46670395
16764,0.48894218
16765,0.6617038
16766,0.4804364
16767,0.49528745
16768,0.405636
16769,0.5353813
16770,0.48748472
16771,0.48879638
16772,0.44702998
16773,0.46046036
16774,0.6164226
16775,0.7392629
16776,0.5363186
16777,0.41710666
16778,0.6327415
16779,0.47681952
16780,0.5037895
16781,0.55093795
16782,0.58162034
16783,0.69229174
16784,0.5287608
16785,0.54795265
16786,0.4638826
16787,0.521157
16788,0.45390144
16789,0.44912618
16790,0.43451747
16791,0.583735
16792,0.4177698
16793,0.53065646
16794,0.61117274
16795,0.5808557
16796,0.5675525
16797,0.5283785
16798,0.4606329
16799,0.4508568
16800,0.5744378
16801,0.45071518
16802,0.5425311
16803,0.47259185
16804,0.4897216
16805,0.44089785
16806,0.53503776
16807,0.72547233
16808,0.4728019
16809,0.5504887
16810,0.5585614
16811,0.82803106
16812,0.5490536
16813,0.45763397
16814,0.5601568
16815,0.4992538
16816,0.58158964
16817,0.5669315
16818,0.5444009
16819,0.5250277
16820,0.46292812
16821,0.52057856
16822,0.62582904
16823,0.4582414
16824,0.620506
16825,0.7133039
16826,0.47306696
16827,0.5314175
16828,0.4723947
16829,0.5039886
16830,0.5492613
16831,0.5559621
16832,0.41805503
16833,0.6676382
16834,0.6488492
16835,0.4746593
16836,0.5448411
16837,0.5503637
16838,0.43303034
16839,0.46120948
16840,0.42603505
16841,0.47490805
16842,0.5332793
16843,0.7159561
16844,0.5822463
16845,0.5741864
16846,0.5274556
16847,0.4728163
16848,0.61119676
16849,0.57215726
16850,0.52506435
16851,0.538399
16852,0.54900795
16853,0.5390624
16854,0.5447303
16855,0.5644079
16856,0.47475144
16857,0.57870704
16858,0.52320266
16859,0.55527955
16860,0.803644
16861,0.44751248
16862,0.52338105
16863,0.70907617
16864,0.40490755
16865,0.39710408
16866,0.5662594
16867,0.43788403
16868,0.57886237
16869,0.6111597
16870,0.6303994
16871,0.5833436
16872,0.44275522
16873,0.550592
16874,0.7112255
16875,0.647186
16876,0.5759221
16877,0.4756671
16878,0.4706491
16879,0.5536632
16880,0.46914372
16881,0.4533689
16882,0.5629667
16883,0.6106646
16884,0.573759
16885,0.4274167
16886,0.5908941
16887,0.5342232
16888,0.47569832
16889,0.48251802
16890,0.5571896
16891,0.5868166
16892,0.5625409
16893,0.53406143
16894,0.6353406
16895,0.39980853
16896,0.52597433
16897,0.49525985
16898,0.5674617
16899,0.5027956
16900,0.47934753
16901,0.5828394
16902,0.40288612
16903,0.4565861
16904,0.5374231
16905,0.44096988
16906,0.4186801
16907,0.5293095
16908,0.5177261
16909,0.6536754
16910,0.46099424
16911,0.48378918
16912,0.5145646
16913,0.5618263
16914,0.4825362
16915,0.48002368
16916,0.49089012
16917,0.42887414
16918,0.5507973
16919,0.4775361
16920,0.50130844
16921,0.46499625
16922,0.45370436
16923,0.53315103
16924,0.5276397
16925,0.4556862
16926,0.47130507
16927,0.59505385
16928,0.47484
16929,0.5357411
16930,0.46168447
16931,0.54812187
16932,0.57008016
16933,0.45492363
16934,0.45866734
16935,0.58607423
16936,0.53199446
16937,0.48208877
16938,0.41600722
16939,0.46113378
16940,0.42748562
16941,0.45706338
16942,0.48038852
16943,0.51782715
16944,0.47387937
16945,0.5431815
16946,0.6061091
16947,0.41694325
16948,0.5233522
16949,0.54868203
16950,0.5689201
16951,0.43113685
16952,0.41435406
16953,0.48674744
16954,0.47748047
16955,0.5500794
16956,0.47425774
16957,0.45835888
16958,0.4667452
16959,0.60305196
16960,0.45832023
16961,0.5806602
16962,0.5331912
16963,0.6108904
16964,0.56615865
16965,0.53970784
16966,0.48201934
16967,0.42756715
16968,0.54309595
16969,0.5932945
16970,0.6418978
16971,0.444279
16972,0.55841327
16973,0.44946128
16974,0.557533
16975,0.41346377
16976,0.5756866
16977,0.63143194
16978,0.4725581
16979,0.55337214
16980,0.6142019
16981,0.46039596
16982,0.5366584
16983,0.6245006
16984,0.4955985
16985,0.5178462
16986,0.5709845
16987,0.417876
16988,0.43725407
16989,0.48562473
16990,0.457521
16991,0.44586992
16992,0.6055054
16993,0.6186058
16994,0.49457952
16995,0.4079667
16996,0.58270967
16997,0.6280967
16998,0.5908499
16999,0.3949401
17000,0.5398742
17001,0.47250712
17002,0.45665985
17003,0.44434822
17004,0.56472504
17005,0.49858552
17006,0.4254785
17007,0.56527305
17008,0.53976804
17009,0.50982124
17010,0.48095104
17011,0.4865026
17012,0.42803144
17013,0.45300147
17014,0.5995341
17015,0.56545395
17016,0.45500058
17017,0.56886005
17018,0.5289218
17019,0.5950717
17020,0.5469442
17021,0.562988
17022,0.45019194
17023,0.47057423
17024,0.52640504
17025,0.49715808
17026,0.45689404
17027,0.58333594
17028,0.5817318
17029,0.54049826
17030,0.55227536
17031,0.47376665
17032,0.39197582
17033,0.5447666
17034,0.47580808
17035,0.5788298
17036,0.4496842
17037,0.4846773
17038,0.4124725
17039,0.6117225
17040,0.52775455
17041,0.6472993
17042,0.5831421
17043,0.4665604
17044,0.6617908
17045,0.5297452
17046,0.5832665
17047,0.50003165
17048,0.5546465
17049,0.5472019
17050,0.6614519
17051,0.66408134
17052,0.43680865
17053,0.55110633
17054,0.4724261
17055,0.4708838
17056,0.49968785
17057,0.54095834
17058,0.4955636
17059,0.46969938
17060,0.55752087
17061,0.5585743
17062,0.414881
17063,0.5037127
17064,0.52076614
17065,0.52489907
17066,0.3960924
17067,0.4599075
17068,0.53761965
17069,0.4864248
17070,0.5664364
17071,0.4991054
17072,0.45812455
17073,0.5038068
17074,0.5399025
17075,0.5793298
17076,0.41585672
17077,0.48289606
17078,0.57399404
17079,0.42102733
17080,0.5715019
17081,0.5574299
17082,0.536509
17083,0.42634922
17084,0.50181085
17085,0.52769464
17086,0.4007127
17087,0.55176276
17088,0.45494673
17089,0.5587595
17090,0.63988155
17091,0.40573558
17092,0.57418895
17093,0.442253
17094,0.5079301
17095,0.53986233
17096,0.43668082
17097,0.60884935
17098,0.45509726
17099,0.49565503
17100,0.5392544
17101,0.550872
17102,0.55473614
17103,0.54426324
17104,0.5617592
17105,0.5512101
17106,0.5383636
17107,0.64473665
17108,0.45262063
17109,0.58077234
17110,0.52423924
17111,0.4053168
17112,0.4357245
17113,0.5017342
17114,0.5090177
17115,0.5294722
17116,0.5714827
17117,0.6385306
17118,0.47392154
17119,0.55058706
17120,0.628094
17121,0.67156863
17122,0.38299555
17123,0.5473172
17124,0.4696594
17125,0.4693721
17126,0.45673072
17127,0.5733426
17128,0.4707853
17129,0.5545686
17130,0.52377
17131,0.5225875
17132,0.47332
17133,0.57503545
17134,0.4895259
17135,0.4167335
17136,0.5088111
17137,0.5584285
17138,0.45282707
17139,0.48562428
17140,0.4273461
17141,0.47817773
17142,0.4971274
17143,0.4947253
17144,0.5390395
17145,0.432104
17146,0.4455758
17147,0.5311236
17148,0.5198384
17149,0.55922973
17150,0.44988754
17151,0.55723226
17152,0.5292741
17153,0.41784558
17154,0.49365857
17155,0.5168791
17156,0.4166535
17157,0.5451765
17158,0.49813828
17159,0.39371383
17160,0.4515481
17161,0.5394834
17162,0.47867122
17163,0.44271028
17164,0.4771849
17165,0.518237
17166,0.478189
17167,0.57358766
17168,0.5028554
17169,0.88931775
17170,0.42588738
17171,0.49580333
17172,0.53410554
17173,0.5338131
17174,0.5292103
17175,0.95563257
17176,0.5500256
17177,0.43980992
17178,0.52462006
17179,0.57061887
17180,0.4337326
17181,0.6652498
17182,0.44453475
17183,0.6484231
17184,0.64260757
17185,0.54676527
17186,0.6472223
17187,0.5146417
17188,0.6117758
17189,0.53520805
17190,0.53166175
17191,0.5229303
17192,0.47062057
17193,0.4800216
17194,0.50067765
17195,0.5888921
17196,0.5371259
17197,0.5106697
17198,0.4674804
17199,0.55080384
17200,0.44137824
17201,0.5357031
17202,0.59482574
17203,0.5550074
17204,0.59389496
17205,0.42517844
17206,0.49698997
17207,0.5731562
17208,0.55039865
17209,0.5485601
17210,0.5785932
17211,0.47223264
17212,0.575032
17213,0.6425298
17214,0.5225731
17215,0.5305609
17216,0.57411414
17217,0.5471135
17218,0.52817607
17219,0.5579094
17220,0.447296
17221,0.47265106
17222,0.48840624
17223,0.47604576
17224,0.5244385
17225,0.6403254
17226,0.3955667
17227,0.42543718
17228,0.6395546
17229,0.46366495
17230,0.5327277
17231,0.44872573
17232,0.42474917
17233,0.5410276
17234,0.47592282
17235,0.54348
17236,0.46682665
17237,0.47307837
17238,0.49777403
17239,0.44003662
17240,0.6292986
17241,0.46946505
17242,0.4248119
17243,0.63252556
17244,0.5419967
17245,0.47938728
17246,0.48816022
17247,0.40097314
17248,0.5330296
17249,0.6155543
17250,0.47838715
17251,0.43485478
17252,0.5394172
17253,0.46620905
17254,0.54241425
17255,0.46473914
17256,0.472662
17257,0.6076233
17258,0.5139346
17259,0.5462324
17260,0.5661019
17261,0.5872344
17262,0.48406702
17263,0.44966704
17264,0.5898486
17265,0.5360258
17266,0.55423105
17267,0.46807757
17268,0.51764494
17269,0.4697437
17270,0.54416203
17271,0.58263594
17272,0.55433893
17273,0.5691475
17274,0.5516286
17275,0.57310724
17276,0.4672084
17277,0.48259878
17278,0.5229345
17279,0.5371843
17280,0.43781373
17281,0.4688698
17282,0.43571746
17283,0.6234877
17284,0.56668985
17285,0.44028297
17286,0.45545906
17287,0.4454923
17288,0.4757131
17289,0.4382454
17290,0.47197783
17291,0.48087782
17292,0.54888225
17293,0.47522137
17294,0.54441565
17295,0.63435376
17296,0.5337958
17297,0.57421374
17298,0.571359
17299,0.42494738
17300,0.85750365
17301,0.58663076
17302,0.5791014
17303,0.45235032
17304,0.5234351
17305,0.39884835
17306,0.5218884
17307,0.5483877
17308,0.54922765
17309,0.42661226
17310,0.409925
17311,0.5700237
17312,0.53570473
17313,0.48004964
17314,0.52569145
17315,0.4570711
17316,0.4127641
17317,0.5264823
17318,0.42266202
17319,0.47736377
17320,0.47535062
17321,0.5487039
17322,0.52088493
17323,0.53217113
17324,0.41075638
17325,0.57720804
17326,0.5492113
17327,0.49847376
17328,0.5362195
17329,0.47424883
17330,0.55088705
17331,0.5853243
17332,0.5310423
17333,0.57775855
17334,0.56726587
17335,0.5091823
17336,0.5918475
17337,0.5532432
17338,0.42495054
17339,0.8086313
17340,0.43575287
17341,0.48446977
17342,0.44451457
17343,0.56301016
17344,0.47426996
17345,0.5910935
17346,0.57876104
17347,0.5314667
17348,0.42062303
17349,0.50571156
17350,0.42910063
17351,0.52656823
17352,0.44559747
17353,0.5589755
17354,0.42540127
17355,0.46547833
17356,0.6824732
17357,0.55556417
17358,0.49907732
17359,0.5388633
17360,0.4111009
17361,0.58235097
17362,0.5171798
17363,0.4783281
17364,0.4276237
17365,0.5994639
17366,0.543738
17367,0.5860955
17368,0.44908226
17369,0.49805567
17370,0.47002375
17371,0.54800147
17372,0.67578304
17373,0.42085096
17374,0.48916242
17375,0.43741924
17376,0.5047897
17377,0.600041
17378,0.6579797
17379,0.47166112
17380,0.5331465
17381,0.4704539
17382,0.5797353
17383,0.5146729
17384,0.5803827
17385,0.5150159
17386,0.6572088
17387,0.53604007
17388,0.698993
17389,0.5441702
17390,0.6605525
17391,0.6972412
17392,0.5244487
17393,0.47855678
17394,0.44229504
17395,0.6585251
17396,0.47173604
17397,0.4671985
17398,0.6070073
17399,0.51227885
17400,0.47590196
17401,0.56540734
17402,0.5075937
17403,0.59433174
17404,0.52640194
17405,0.56649125
17406,0.56785476
17407,0.55030257
17408,0.5667768
17409,0.54326147
17410,0.46730736
17411,0.5917631
17412,0.62239796
17413,0.46607524
17414,0.5186591
17415,0.44268638
17416,0.5289163
17417,0.5348483
17418,0.5722979
17419,0.54641575
17420,0.679551
17421,0.58557916
17422,0.45423573
17423,0.51963854
17424,0.55289495
17425,0.4150564
17426,0.47461823
17427,0.64357805
17428,0.568668
17429,0.49414417
17430,0.74152815
17431,0.58040816
17432,0.46309882
17433,0.40499568
17434,0.47453126
17435,0.4460836
17436,0.5498772
17437,0.47374102
17438,0.46615148
17439,0.545936
17440,0.5474296
17441,0.54761124
17442,0.54305625
17443,0.5808375
17444,0.4385178
17445,0.6212651
17446,0.5964883
17447,0.54822385
17448,0.5186844
17449,0.4055676
17450,0.63881546
17451,0.49699008
17452,0.4548812
17453,0.558056
17454,0.47995645
17455,0.4376477
17456,0.547471
17457,0.5531297
17458,0.5677683
17459,0.6151965
17460,0.54245
17461,0.51204604
17462,0.6335738
17463,0.4862021
17464,0.39143097
17465,0.56905925
17466,0.42715654
17467,0.4754011
17468,0.5001144
17469,0.61203545
17470,0.59248173
17471,0.61108893
17472,0.55574113
17473,0.48560563
17474,0.80061615
17475,0.5786788
17476,0.47004268
17477,0.46124423
17478,0.5551994
17479,0.5418236
17480,0.5398697
17481,0.49442828
17482,0.6042103
17483,0.5896854
17484,0.51294434
17485,0.5122115
17486,0.6843945
17487,0.5634551
17488,0.5661499
17489,0.58003306
17490,0.6786383
17491,0.5390839
17492,0.5360352
17493,0.5880864
17494,0.41119325
17495,0.45433238
17496,0.49017742
17497,0.62749577
17498,0.65004295
17499,0.54546165
17500,0.44042632
17501,0.4695835
17502,0.5574839
17503,0.46800002
17504,0.6927263
17505,0.65046203
17506,0.44452164
17507,0.57825565
17508,0.46003452
17509,0.5742695
17510,0.55114996
17511,0.4504506
17512,0.5032443
17513,0.47173327
17514,0.56895494
17515,0.44494218
17516,0.5709786
17517,0.56251514
17518,0.5160761
17519,0.46700707
17520,0.48400423
17521,0.8595879
17522,0.5374819
17523,0.42381757
17524,0.6152702
17525,0.53125626
17526,0.49268225
17527,0.6685169
17528,0.5496863
17529,0.5947336
17530,0.5489957
17531,0.47078058
17532,0.6837528
17533,0.45098877
17534,0.5852987
17535,0.6081448
17536,0.47244066
17537,0.42560065
17538,0.5839331
17539,0.47881046
17540,0.47220382
17541,0.64568317
17542,0.5338065
17543,0.533564
17544,0.41805243
17545,0.40217784
17546,0.4191483
17547,0.47343186
17548,0.46401793
17549,0.5606925
17550,0.5152542
17551,0.5640534
17552,0.5448142
17553,0.40931895
17554,0.5683645
17555,0.472491
17556,0.49491045
17557,0.60158926
17558,0.5498451
17559,0.5414909
17560,0.6616602
17561,0.47486684
17562,0.46822757
17563,0.52889484
17564,0.7412488
17565,0.48073938
17566,0.8136161
17567,0.549303
17568,0.46000057
17569,0.55882734
17570,0.4216283
17571,0.47421613
17572,0.4574136
17573,0.4721052
17574,0.50858176
17575,0.44023407
17576,0.45271403
17577,0.44782597
17578,0.49961922
17579,0.48379624
17580,0.5184594
17581,0.42080906
17582,0.5413413
17583,0.46134478
17584,0.5723542
17585,0.426344
17586,0.42360944
17587,0.47135863
17588,0.5742179
17589,0.575834
17590,0.42911452
17591,0.5199617
17592,0.49858
17593,0.45314366
17594,0.5384946
17595,0.5453299
17596,0.4976929
17597,0.4705382
17598,0.47501022
17599,0.40344068
17600,0.5330381
17601,0.49845108
17602,0.45320436
17603,0.56787753
17604,0.57012784
17605,0.56766933
17606,0.45580113
17607,0.4676857
17608,0.45014882
17609,0.59609395
17610,0.55940825
17611,0.57508236
17612,0.5723076
17613,0.5197672
17614,0.57138616
17615,0.54066175
17616,0.62262297
17617,0.5246944
17618,0.4797115
17619,0.57749426
17620,0.47984943
17621,0.4617422
17622,0.55080336
17623,0.4932902
17624,0.47853667
17625,0.579814
17626,0.45122674
17627,0.72107756
17628,0.57934105
17629,0.4550997
17630,0.47423074
17631,0.48449686
17632,0.42522216
17633,0.4680487
17634,0.5573258
17635,0.5436669
17636,0.4781218
17637,0.46651664
17638,0.45543453
17639,0.44968557
17640,0.47389656
17641,0.39271557
17642,0.4786898
17643,0.6129965
17644,0.57924765
17645,0.5485841
17646,0.49984285
17647,0.64560235
17648,0.47232008
17649,0.56305707
17650,0.5715754
17651,0.43221736
17652,0.61029434
17653,0.5892046
17654,0.5374382
17655,0.5066249
17656,0.70316696
17657,0.45653275
17658,0.5567751
17659,0.45831692
17660,0.47165656
17661,0.48248664
17662,0.5740655
17663,0.42263767
17664,0.61519873
17665,0.42448
17666,0.38677752
17667,0.52421916
17668,0.58931684
17669,0.51649696
17670,0.5561431
17671,0.46067533
17672,0.4106052
17673,0.4286428
17674,0.59522265
17675,0.50982857
17676,0.5162691
17677,0.4506031
17678,0.7385034
17679,0.5617667
17680,0.47369906
17681,0.53340685
17682,0.50776994
17683,0.45714623
17684,0.54946816
17685,0.49728262
17686,0.583953
17687,0.5275093
17688,0.42723566
17689,0.46655613
17690,0.5890812
17691,0.5498441
17692,0.5087948
17693,0.42042702
17694,0.42580158
17695,0.58514506
17696,0.44293252
17697,0.5518824
17698,0.49631745
17699,0.5645391
17700,0.5332612
17701,0.40333334
17702,0.56647164
17703,0.54575694
17704,0.41093868
17705,0.41032353
17706,0.5786803
17707,0.52837276
17708,0.88257897
17709,0.4773294
17710,0.4237597
17711,0.52584475
17712,0.4683227
17713,0.434631
17714,0.42947704
17715,0.5332873
17716,0.56408083
17717,0.572261
17718,0.46894383
17719,0.531676
17720,0.5260875
17721,0.61131877
17722,0.465605
17723,0.65778905
17724,0.5890151
17725,0.55823356
17726,0.5216493
17727,0.5470508
17728,0.42221248
17729,0.47716442
17730,0.48919496
17731,0.49688885
17732,0.5777888
17733,0.5145613
17734,0.47463253
17735,0.43206605
17736,0.57996947
17737,0.5604619
17738,0.53284883
17739,0.4116927
17740,0.4493175
17741,0.48766437
17742,0.61210084
17743,0.47862217
17744,0.46501517
17745,0.558512
17746,0.449924
17747,0.42949226
17748,0.5210784
17749,0.46358386
17750,0.58686143
17751,0.55811113
17752,0.5273515
17753,0.5258883
17754,0.5292032
17755,0.4801213
17756,0.52999187
17757,0.41027313
17758,0.57114905
17759,0.5729712
17760,0.52713096
17761,0.48260415
17762,0.5415443
17763,0.55712974
17764,0.64498466
17765,0.78225803
17766,0.57224476
17767,0.43019623
17768,0.5285032
17769,0.5597004
17770,0.5563481
17771,0.56637836
17772,0.5758389
17773,0.5775999
17774,0.5422436
17775,0.48768634
17776,0.5314457
17777,0.4728932
17778,0.53785694
17779,0.4720513
17780,0.5260163
17781,0.42183405
17782,0.583273
17783,0.49287158
17784,0.570271
17785,0.38732374
17786,0.5459364
17787,0.45761433
17788,0.68083316
17789,0.4319541
17790,0.4384097
17791,0.4030652
17792,0.41820824
17793,0.47354746
17794,0.60844076
17795,0.66602886
17796,0.56704855
17797,0.542919
17798,0.524331
17799,0.5656928
17800,0.52576923
17801,0.46944487
17802,0.38254392
17803,0.4671754
17804,0.4302144
17805,0.75211835
17806,0.63531184
17807,0.47264084
17808,0.50342184
17809,0.4278287
17810,0.4712646
17811,0.44346598
17812,0.5529534
17813,0.58048904
17814,0.54685515
17815,0.4900366
17816,0.5028222
17817,0.94810045
17818,0.5331182
17819,0.45700735
17820,0.46979198
17821,0.41623345
17822,0.47739998
17823,0.53096986
17824,0.40956587
17825,0.6479207
17826,0.49782205
17827,0.5603435
17828,0.51835114
17829,0.43090683
17830,0.5296773
17831,0.4440227
17832,0.54510945
17833,0.47110474
17834,0.46546185
17835,0.47370428
17836,0.55803645
17837,0.4969854
17838,0.5490266
17839,0.5276166
17840,0.6117319
17841,0.4718542
17842,0.54453593
17843,0.5688687
17844,0.5470669
17845,0.6517346
17846,0.45525157
17847,0.6306875
17848,0.44093123
17849,0.7704214
17850,0.52867526
17851,0.5363857
17852,0.6009185
17853,0.59787524
17854,0.64956146
17855,0.47694102
17856,0.5398197
17857,0.6716817
17858,0.5374502
17859,0.5754895
17860,0.47114795
17861,0.63705444
17862,0.47836104
17863,0.5953519
17864,0.50125384
17865,0.5102421
17866,0.4417504
17867,0.5867605
17868,0.48800373
17869,0.49875736
17870,0.5669237
17871,0.5794921
17872,0.46934772
17873,0.48080134
17874,0.560844
17875,0.44127116
17876,0.59196985
17877,0.6280976
17878,0.545834
17879,0.7579943
17880,0.55232245
17881,0.5588624
17882,0.57039064
17883,0.4593245
17884,0.618207
17885,0.61341465
17886,0.46203616
17887,0.5981288
17888,0.43095687
17889,0.46998498
17890,0.4595779
17891,0.45462307
17892,0.46065986
17893,0.51420087
17894,0.5098634
17895,0.52209955
17896,0.45835853
17897,0.47365582
17898,0.5427527
17899,0.6401472
17900,0.39259908
17901,0.51403636
17902,0.57930785
17903,0.56283337
17904,0.55954164
17905,0.5423141
17906,0.43448582
17907,0.5586615
17908,0.5487983
17909,0.56597817
17910,0.6146873
17911,0.5195453
17912,0.5401487
17913,0.59633917
17914,0.5513061
17915,0.5532161
17916,0.5195043
17917,0.5448419
17918,0.5697803
17919,0.65402126
17920,0.41724345
17921,0.5018296
17922,0.5619573
17923,0.5242194
17924,0.77520573
17925,0.47181043
17926,0.54029596
17927,0.5358355
17928,0.4741872
17929,0.48237202
17930,0.5680278
17931,0.5229651
17932,0.44963804
17933,0.46847603
17934,0.6078278
17935,0.54164076
17936,0.5800477
17937,0.4673531
17938,0.5391112
17939,0.55054384
17940,0.5268486
17941,0.576295
17942,0.4496316
17943,0.40183985
17944,0.4514243
17945,0.47496504
17946,0.46062168
17947,0.5769377
17948,0.42682546
17949,0.5249058
17950,0.5158772
17951,0.55175686
17952,0.4458371
17953,0.5259745
17954,0.5424923
17955,0.47201496
17956,0.5198448
17957,0.5036116
17958,0.47058856
17959,0.52311975
17960,0.56396025
17961,0.55229264
17962,0.5657814
17963,0.7004615
17964,0.8994298
17965,0.56670177
17966,0.5199823
17967,0.5855845
17968,0.4242205
17969,0.5551833
17970,0.54833627
17971,0.40313944
17972,0.5263319
17973,0.46026456
17974,0.5129234
17975,0.58465344
17976,0.5438774
17977,0.5290261
17978,0.4501006
17979,0.55612797
17980,0.57319206
17981,0.550219
17982,0.5387629
17983,0.6114142
17984,0.46058643
17985,0.446519
17986,0.5475025
17987,0.47806832
17988,0.4725283
17989,0.54065096
17990,0.6617488
17991,0.4569954
17992,0.47063488
17993,0.8334642
17994,0.42681235
17995,0.4737414
17996,0.5278615
17997,0.58375907
17998,0.60958695
17999,0.82899415
18000,0.47211027
18001,0.42764166
18002,0.44124985
18003,0.5683511
18004,0.5663339
18005,0.46123603
18006,0.48868942
18007,0.44719082
18008,0.40912417
18009,0.44046062
18010,0.43186608
18011,0.45887274
18012,0.55315006
18013,0.672969
18014,0.5391591
18015,0.42381442
18016,0.5268926
18017,0.47918892
18018,0.54314065
18019,0.5729397
18020,0.53566253
18021,0.51294464
18022,0.5372288
18023,0.54781044
18024,0.4858704
18025,0.48915958
18026,0.5136348
18027,0.47339806
18028,0.4736288
18029,0.56327724
18030,0.46166337
18031,0.5406518
18032,0.49330065
18033,0.47395676
18034,0.63626564
18035,0.5389178
18036,0.46491915
18037,0.5459819
18038,0.4315794
18039,0.8280452
18040,0.4551974
18041,0.631279
18042,0.56417155
18043,0.54292524
18044,0.48189476
18045,0.4815113
18046,0.5638879
18047,0.5531265
18048,0.5298037
18049,0.4008479
18050,0.5183862
18051,0.40956646
18052,0.62917435
18053,0.44976294
18054,0.5696134
18055,0.51174223
18056,0.68271416
18057,0.5521731
18058,0.815779
18059,0.50356257
18060,0.4551632
18061,0.5744033
18062,0.5064252
18063,0.49125487
18064,0.5059804
18065,0.5621233
18066,0.4700725
18067,0.51565146
18068,0.55463433
18069,0.456712
18070,0.5530666
18071,0.6088667
18072,0.42516875
18073,0.46491122
18074,0.6680019
18075,0.55136514
18076,0.47106934
18077,0.44673663
18078,0.42730302
18079,0.5008387
18080,0.48114628
18081,0.5929447
18082,0.4426285
18083,0.50763077
18084,0.85320675
18085,0.38535777
18086,0.5370945
18087,0.45035663
18088,0.47446322
18089,0.49955454
18090,0.56950057
18091,0.5687431
18092,0.42895633
18093,0.5906788
18094,0.65705836
18095,0.5469718
18096,0.5475182
18097,0.4659828
18098,0.38012487
18099,0.5721168
18100,0.6265161
18101,0.59402966
18102,0.55541646
18103,0.5737281
18104,0.5507725
18105,0.47196874
18106,0.5515876
18107,0.46510673
18108,0.44287902
18109,0.6370076
18110,0.39266017
18111,0.5131902
18112,0.47180587
18113,0.60335886
18114,0.6238493
18115,0.7670015
18116,0.61198276
18117,0.4561002
18118,0.46205914
18119,0.5210271
18120,0.48905113
18121,0.4251653
18122,0.43471313
18123,0.41356412
18124,0.42814678
18125,0.5642186
18126,0.61341894
18127,0.57033837
18128,0.46928784
18129,0.4810228
18130,0.4784966
18131,0.43445998
18132,0.54414606
18133,0.60968786
18134,0.45788154
18135,0.48189825
18136,0.62435687
18137,0.5521285
18138,0.45049882
18139,0.46242353
18140,0.6604301
18141,0.40436292
18142,0.6686606
18143,0.64314413
18144,0.51963955
18145,0.5396877
18146,0.45561814
18147,0.520634
18148,0.6372382
18149,0.5803624
18150,0.41125277
18151,0.39572564
18152,0.45443135
18153,0.5364935
18154,0.49339655
18155,0.5184045
18156,0.56681126
18157,0.4748153
18158,0.5289521
18159,0.5548064
18160,0.5755992
18161,0.46375504
18162,0.5637067
18163,0.55488193
18164,0.5866885
18165,0.54845965
18166,0.45723683
18167,0.5341523
18168,0.4728312
18169,0.5241343
18170,0.47108945
18171,0.40507558
18172,0.5504205
18173,0.5827595
18174,0.5160813
18175,0.47784397
18176,0.61612135
18177,0.48483625
18178,0.59534913
18179,0.45110592
18180,0.49711752
18181,0.55708945
18182,0.5602432
18183,0.5744823
18184,0.40292743
18185,0.47220537
18186,0.47578973
18187,0.45715085
18188,0.54290265
18189,0.48505747
18190,0.46102595
18191,0.47852322
18192,0.5090446
18193,0.4710597
18194,0.4636523
18195,0.54173017
18196,0.5888354
18197,0.5771791
18198,0.4467408
18199,0.5512604
18200,0.49218497
18201,0.48526427
18202,0.546744
18203,0.44145188
18204,0.5750396
18205,0.47259867
18206,0.5222176
18207,0.5917189
18208,0.47039813
18209,0.4759454
18210,0.6164392
18211,0.54245645
18212,0.6075627
18213,0.55454737
18214,0.53493637
18215,0.47164083
18216,0.49699265
18217,0.46948448
18218,0.5478186
18219,0.4584651
18220,0.41746917
18221,0.54976094
18222,0.5637109
18223,0.4473551
18224,0.4085539
18225,0.51749897
18226,0.43182224
18227,0.49141237
18228,0.5513171
18229,0.47648776
18230,0.5377757
18231,0.5018553
18232,0.5424999
18233,0.8350119
18234,0.5540859
18235,0.5583501
18236,0.5617051
18237,0.5588552
18238,0.44276989
18239,0.47879535
18240,0.5461409
18241,0.5556717
18242,0.5518627
18243,0.76444006
18244,0.5600953
18245,0.55158144
18246,0.41627812
18247,0.40499547
18248,0.52218676
18249,0.58322704
18250,0.5333259
18251,0.56285185
18252,0.5484342
18253,0.43720716
18254,0.5327791
18255,0.56000364
18256,0.5362636
18257,0.4799271
18258,0.4517982
18259,0.53307974
18260,0.6112761
18261,0.53524655
18262,0.5253029
18263,0.4626513
18264,0.5389691
18265,0.5062957
18266,0.52804434
18267,0.39239806
18268,0.48342133
18269,0.53342456
18270,0.8875575
18271,0.6290792
18272,0.5804506
18273,0.47364217
18274,0.47941768
18275,0.55776817
18276,0.5296295
18277,0.57525283
18278,0.5372727
18279,0.42081112
18280,0.40957123
18281,0.4934558
18282,0.4621424
18283,0.5437339
18284,0.49539727
18285,0.5164902
18286,0.5815116
18287,0.57017946
18288,0.4710556
18289,0.47173893
18290,0.45157135
18291,0.54218453
18292,0.5819063
18293,0.5632888
18294,0.57506
18295,0.3998958
18296,0.4807079
18297,0.5587775
18298,0.54521406
18299,0.5337489
18300,0.42726573
18301,0.46860468
18302,0.54582006
18303,0.41069204
18304,0.67221403
18305,0.8519641
18306,0.49368444
18307,0.60321623
18308,0.4560602
18309,0.46816674
18310,0.47338888
18311,0.5690714
18312,0.44994837
18313,0.45869538
18314,0.4283883
18315,0.5483202
18316,0.43430308
18317,0.41681668
18318,0.5525501
18319,0.5452152
18320,0.6231983
18321,0.5899036
18322,0.60946864
18323,0.5530521
18324,0.53844994
18325,0.49237162
18326,0.55892456
18327,0.4275633
18328,0.57288694
18329,0.55048174
18330,0.5757377
18331,0.43910962
18332,0.49593884
18333,0.44706777
18334,0.57066965
18335,0.91935575
18336,0.44027564
18337,0.52671313
18338,0.6013855
18339,0.47302312
18340,0.41491485
18341,0.50831693
18342,0.51393694
18343,0.435899
18344,0.4705851
18345,0.4535431
18346,0.7689549
18347,0.47877386
18348,0.5104948
18349,0.56786567
18350,0.6060951
18351,0.54102767
18352,0.48117843
18353,0.4744028
18354,0.5653371
18355,0.5886544
18356,0.42143574
18357,0.5602588
18358,0.47339207
18359,0.5401197
18360,0.6124227
18361,0.60959667
18362,0.45518774
18363,0.47917506
18364,1.0
18365,0.56391376
18366,0.41515517
18367,0.5622335
18368,0.47222215
18369,0.4663909
18370,0.4367345
18371,0.51983804
18372,0.6353373
18373,0.5059423
18374,0.38574815
18375,0.49111214
18376,0.5451165
18377,0.569166
18378,0.48105612
18379,0.47240275
18380,0.60828847
18381,0.53931093
18382,0.48591694
18383,0.37373158
18384,0.5570536
18385,0.4958014
18386,0.48624533
18387,0.6709533
18388,0.5275267
18389,0.5462525
18390,0.5193163
18391,0.5038459
18392,0.43484125
18393,0.4964805
18394,0.5181876
18395,0.4597867
18396,0.47850478
18397,0.5262133
18398,0.5682
18399,0.4650589
18400,0.55950737
18401,0.51162493
18402,0.5253564
18403,0.6197048
18404,0.6236026
18405,0.62290096
18406,0.43515316
18407,0.5844681
18408,0.46354476
18409,0.53720444
18410,0.5551953
18411,0.6055524
18412,0.47631645
18413,0.53476083
18414,0.56422734
18415,0.5640315
18416,0.4784941
18417,0.44655895
18418,0.6179373
18419,0.4063839
18420,0.4670294
18421,0.45757222
18422,0.52572423
18423,0.4638368
18424,0.5288725
18425,0.44665137
18426,0.52804023
18427,0.43130386
18428,0.4705099
18429,0.62717134
18430,0.5459614
18431,0.54225945
18432,0.5485704
18433,0.58234394
18434,0.67191327
18435,0.5125675
18436,0.47507307
18437,0.47676232
18438,0.6294006
18439,0.44971758
18440,0.48098168
18441,0.57389224
18442,0.57563245
18443,0.58866566
18444,0.5154789
18445,0.5942619
18446,0.4070484
18447,0.442395
18448,0.6067112
18449,0.49882668
18450,0.4721206
18451,0.51967645
18452,0.55166155
18453,0.5704769
18454,0.48335606
18455,0.4388417
18456,0.58306307
18457,0.47833148
18458,0.70887256
18459,0.5428552
18460,0.39873025
18461,0.48949155
18462,0.42873982
18463,0.5520653
18464,0.5024306
18465,0.70878506
18466,0.47803262
18467,0.5624867
18468,0.60909176
18469,0.47051844
18470,0.5943863
18471,0.41814765
18472,0.41436332
18473,0.50510937
18474,0.5839431
18475,0.5509044
18476,0.7198787
18477,0.43321806
18478,0.57157785
18479,0.4884561
18480,0.47247773
18481,0.5278138
18482,0.54543966
18483,0.6654388
18484,0.55787724
18485,0.65889215
18486,0.4257712
18487,0.4940793
18488,0.49206358
18489,0.49389517
18490,0.52516997
18491,0.5846727
18492,0.550665
18493,0.40578276
18494,0.5301931
18495,0.6331645
18496,0.47934023
18497,0.51236016
18498,0.56740856
18499,0.45963636
18500,0.4425638
18501,0.6680893
18502,0.54188764
18503,0.4938372
18504,0.66350067
18505,0.48229325
18506,0.5927025
18507,0.5484737
18508,0.6925163
18509,0.5644351
18510,0.44438714
18511,0.48543122
18512,0.593352
18513,0.47078833
18514,0.52392554
18515,0.5077052
18516,0.969107
18517,0.5853053
18518,0.45691898
18519,0.56011146
18520,0.42511356
18521,0.707877
18522,0.53660345
18523,0.5696219
18524,0.5403464
18525,0.48902312
18526,0.5377001
18527,0.45013306
18528,0.56260204
18529,0.57083356
18530,0.5096729
18531,0.5202662
18532,0.52274925
18533,0.43830022
18534,0.5070873
18535,0.3987211
18536,0.45660383
18537,0.54889894
18538,0.44721675
18539,0.5590515
18540,0.561039
18541,0.42285076
18542,0.84564906
18543,0.81082046
18544,0.41139543
18545,0.4384719
18546,0.44964033
18547,0.53066796
18548,0.50353926
18549,0.39120868
18550,0.631601
18551,0.5501061
18552,0.5313185
18553,0.5185222
18554,0.51612854
18555,0.5703453
18556,0.50757134
18557,0.5521364
18558,0.7014362
18559,0.5688954
18560,0.451718
18561,0.4336049
18562,0.4642855
18563,0.4776537
18564,0.6564554
18565,0.46504766
18566,0.5514758
18567,0.55789673
18568,0.5268162
18569,0.41693506
18570,0.3824128
18571,0.6170284
18572,0.47219804
18573,0.54253703
18574,0.55069804
18575,0.57057315
18576,0.60391736
18577,0.56730276
18578,0.5225124
18579,0.60380816
18580,0.54578173
18581,0.46460593
18582,0.5698487
18583,0.48357314
18584,0.54877424
18585,0.56710666
18586,0.55807406
18587,0.3996076
18588,0.58604383
18589,0.64481026
18590,0.49212128
18591,0.4521312
18592,0.5302837
18593,0.58179766
18594,0.6392185
18595,0.55395275
18596,0.5990041
18597,0.5716147
18598,0.555274
18599,0.47671756
18600,0.47458065
18601,0.54938745
18602,0.4267721
18603,0.55023444
18604,0.56282103
18605,0.4743159
18606,0.5494928
18607,0.60853094
18608,0.71365356
18609,0.56659025
18610,0.4721994
18611,0.5718833
18612,0.50694686
18613,0.5236268
18614,0.5308207
18615,0.42982125
18616,0.44282883
18617,0.58019936
18618,0.54000723
18619,0.46661764
18620,0.44558093
18621,0.6048323
18622,0.4238225
18623,0.4335137
18624,0.5601879
18625,0.48717946
18626,0.50912976
18627,0.5506257
18628,0.56735563
18629,0.6385752
18630,0.49104115
18631,0.46664077
18632,0.5763352
18633,0.45706838
18634,0.4391504
18635,0.56102604
18636,0.42991844
18637,0.5837214
18638,0.6283716
18639,0.52075744
18640,0.44702998
18641,0.4602358
18642,0.56435466
18643,0.4706736
18644,0.52306443
18645,0.5581282
18646,0.43991995
18647,0.41486758
18648,0.5577493
18649,0.5727817
18650,0.47377762
18651,0.55885684
18652,0.5991563
18653,0.55688906
18654,0.595336
18655,0.5401703
18656,0.49820152
18657,0.47048628
18658,0.50578755
18659,0.5003433
18660,0.51884305
18661,0.43862724
18662,0.5735669
18663,0.5469096
18664,0.6203452
18665,0.52236444
18666,0.67636704
18667,0.48272648
18668,0.41055617
18669,0.5652068
18670,0.45051986
18671,0.4312234
18672,0.5922681
18673,0.4746454
18674,0.59601223
18675,0.516112
18676,0.45901197
18677,0.56239337
18678,0.5500123
18679,0.49001983
18680,0.4663813
18681,0.48788717
18682,0.45875555
18683,0.5546954
18684,0.4886687
18685,0.6817424
18686,0.38575402
18687,0.4155452
18688,0.588807
18689,0.4960083
18690,0.5648948
18691,0.6256026
18692,0.46844423
18693,0.5857963
18694,0.4663422
18695,0.42663375
18696,0.38672942
18697,0.504405
18698,0.5670253
18699,0.54780686
18700,0.7279026
18701,0.55234426
18702,0.43473414
18703,0.5409819
18704,0.54322237
18705,0.5677336
18706,0.4128482
18707,0.48599955
18708,0.5747129
18709,0.4817368
18710,0.54578125
18711,0.47659874
18712,0.46440932
18713,0.60048974
18714,0.5609115
18715,0.54867333
18716,0.5550244
18717,0.45244232
18718,0.47803092
18719,0.46781537
18720,0.48227185
18721,0.5458099
18722,0.43522245
18723,0.45669466
18724,0.56243354
18725,0.62242395
18726,0.47483477
18727,0.42631143
18728,0.39907566
18729,0.5397688
18730,0.52367043
18731,0.46144173
18732,0.50824875
18733,0.4884385
18734,0.536825
18735,0.4754086
18736,0.7595893
18737,0.46980047
18738,0.63661146
18739,0.5320399
18740,0.5223692
18741,0.47913682
18742,0.5446117
18743,0.74618685
18744,0.52467185
18745,0.59876865
18746,0.55845815
18747,0.52325827
18748,0.5108176
18749,0.48247668
18750,0.46002814
18751,0.45526722
18752,0.87185156
18753,0.6439954
18754,0.5495505
18755,0.4307536
18756,0.6580337
18757,0.5228154
18758,0.47426474
18759,0.45094168
18760,0.59751153
18761,0.5657699
18762,0.5517929
18763,0.58210576
18764,0.52339655
18765,0.46599716
18766,0.5645542
18767,0.499961
18768,0.63110393
18769,0.5522719
18770,0.5174118
18771,0.4564638
18772,0.56524515
18773,0.47362828
18774,0.5331286
18775,0.5921489
18776,0.4143507
18777,0.54980755
18778,0.47635967
18779,0.46341854
18780,0.4383043
18781,0.44639173
18782,0.5641254
18783,0.5364105
18784,0.55071074
18785,0.55465704
18786,0.4722556
18787,0.5614492
18788,0.50425917
18789,0.4705147
18790,0.5987892
18791,0.4338031
18792,0.48627913
18793,0.48957935
18794,0.58015716
18795,0.4428845
18796,0.45049667
18797,0.47264984
18798,0.45922926
18799,0.45666933
18800,0.71709985
18801,0.46429077
18802,0.5614964
18803,0.5342134
18804,0.62049633
18805,0.6927171
18806,0.4716729
18807,0.49939784
18808,0.5284445
18809,0.461737
18810,0.52162164
18811,0.40749004
18812,0.46923068
18813,0.4694059
18814,0.56026185
18815,0.5307007
18816,0.5704757
18817,0.45963675
18818,0.5032904
18819,0.39706403
18820,0.5624045
18821,0.5426174
18822,0.55041254
18823,0.40995586
18824,0.42757767
18825,0.54529274
18826,0.4674778
18827,0.59728265
18828,0.5223436
18829,0.58818156
18830,0.4887989
18831,0.4389724
18832,0.6174815
18833,0.6699892
18834,0.480274
18835,0.46047935
18836,0.56775796
18837,0.60382175
18838,0.47542024
18839,0.47100604
18840,0.5144782
18841,0.4125123
18842,0.56414187
18843,0.4665664
18844,0.46412957
18845,0.52052873
18846,0.5545345
18847,0.4617691
18848,0.6221961
18849,0.535459
18850,0.56410766
18851,0.54147947
18852,0.4952711
18853,0.5868849
18854,0.5466104
18855,0.5163506
18856,0.5204563
18857,0.4511859
18858,0.47887182
18859,0.6156672
18860,0.8033321
18861,0.46714354
18862,0.57660174
18863,0.5227575
18864,0.5259064
18865,0.47892016
18866,0.5581629
18867,0.56056386
18868,0.39623207
18869,0.59199053
18870,0.45825282
18871,0.59697974
18872,0.657524
18873,0.46663213
18874,0.60049003
18875,0.5302364
18876,0.5747799
18877,0.3938138
18878,0.41003403
18879,0.5610393
18880,0.58040714
18881,0.54415464
18882,0.56554043
18883,0.66814184
18884,0.44567293
18885,0.63049054
18886,0.54829186
18887,0.5296429
18888,0.45035598
18889,0.4791848
18890,0.43881768
18891,0.5637596
18892,0.5645967
18893,0.5500095
18894,0.62814665
18895,0.5754227
18896,0.550405
18897,0.50387144
18898,0.43520743
18899,0.5611583
18900,0.54712874
18901,0.44974357
18902,0.46204835
18903,0.5916585
18904,0.37707677
18905,0.4563977
18906,0.531695
18907,0.43923032
18908,0.44595265
18909,0.5511463
18910,0.41686955
18911,0.39810783
18912,0.46600038
18913,0.53740174
18914,0.44840074
18915,0.57649255
18916,0.43903133
18917,0.6197852
18918,0.6385429
18919,0.6510934
18920,0.58551013
18921,0.556084
18922,0.5695741
18923,0.57445884
18924,0.55390847
18925,0.574026
18926,0.5150769
18927,0.5178256
18928,0.5386768
18929,0.48691267
18930,0.5524615
18931,0.5561606
18932,0.44683427
18933,0.52789545
18934,0.51017475
18935,0.54774326
18936,0.63705504
18937,0.58518416
18938,0.4745473
18939,0.5235174
18940,0.39597
18941,0.45139244
18942,0.4724992
18943,0.55979675
18944,0.4474487
18945,0.60785973
18946,0.5412176
18947,0.54207516
18948,0.55665696
18949,0.4632124
18950,0.46062225
18951,0.39567643
18952,0.51269984
18953,0.58736813
18954,0.53541785
18955,0.5424499
18956,0.42068684
18957,0.47489348
18958,0.61889267
18959,0.48354924
18960,0.4884929
18961,0.44710413
18962,0.47453514
18963,0.53340083
18964,0.5131477
18965,0.39461055
18966,0.5987789
18967,0.5727493
18968,0.5958693
18969,0.4275011
18970,0.70195526
18971,0.5419028
18972,0.56016713
18973,0.51567316
18974,0.55131257
18975,0.40215102
18976,0.6021288
18977,0.47741395
18978,0.681688
18979,0.47089702
18980,0.5957142
18981,0.5088392
18982,0.4504191
18983,0.9728781
18984,0.52953815
18985,0.3977847
18986,0.47605652
18987,0.56081927
18988,0.47061878
18989,0.48860425
18990,0.56348836
18991,0.53103185
18992,0.5375658
18993,0.46688503
18994,0.53688437
18995,0.463079
18996,0.49453965
18997,0.5882056
18998,0.45654958
18999,0.5552655
19000,0.5586408
19001,0.57360023
19002,0.5405764
19003,0.56988335
19004,0.46429208
19005,0.4655404
19006,0.43980846
19007,0.5391536
19008,0.57563937
19009,0.56678694
19010,0.5316136
19011,0.83027434
19012,0.5616423
19013,0.4676914
19014,0.45530465
19015,0.5676644
19016,0.5466488
19017,0.46452522
19018,0.46120203
19019,0.52892
19020,0.44692385
19021,0.6357593
19022,0.4153363
19023,0.476564
19024,0.6179468
19025,0.67370945
19026,0.41216037
19027,0.44769976
19028,0.5279234
19029,0.6030138
19030,0.5054204
19031,0.5453629
19032,0.5913161
19033,0.5116856
19034,0.43938425
19035,0.46578476
19036,0.5498508
19037,0.65687793
19038,0.53293806
19039,0.5461484
19040,0.5179561
19041,0.59180796
19042,0.66567963
19043,0.5433033
19044,0.5130226
19045,0.5318514
19046,0.54377556
19047,0.42075416
19048,0.6074249
19049,0.48274985
19050,0.45480382
19051,0.47627544
19052,0.49925447
19053,0.5616106
19054,0.5527857
19055,0.5535442
19056,0.54463816
19057,0.52413726
19058,0.6025385
19059,0.40211588
19060,0.46463636
19061,0.45672032
19062,0.5439743
19063,0.69852155
19064,0.48095798
19065,0.55223376
19066,0.5672129
19067,0.4904532
19068,0.55273056
19069,0.5681133
19070,0.5438707
19071,0.49237773
19072,0.66065913
19073,0.5651126
19074,0.42588755
19075,0.48546
19076,0.5021746
19077,0.55010813
19078,0.5117898
19079,0.6775101
19080,0.57665527
19081,0.5918074
19082,0.46779275
19083,0.56577
19084,0.505882
19085,0.45312312
19086,0.46690756
19087,0.5538655
19088,0.55260086
19089,0.5176165
19090,0.5445639
19091,0.53957194
19092,0.5802196
19093,0.43152913
19094,0.5558765
19095,0.46679357
19096,0.5342594
19097,0.55597293
19098,0.5739945
19099,0.46517906
19100,0.45590824
19101,0.4738381
19102,0.5931498
19103,0.5656068
19104,0.43531135
19105,0.44323492
19106,0.5414048
19107,0.5512974
19108,0.5330467
19109,0.44646114
19110,0.5541529
19111,0.6782783
19112,0.686233
19113,0.49180365
19114,0.4732793
19115,0.40465084
19116,0.53278935
19117,0.46648145
19118,0.46744922
19119,0.4271657
19120,0.5011509
19121,0.5772707
19122,0.54440254
19123,0.64170384
19124,0.5328791
19125,0.47629812
19126,0.67230237
19127,0.5786291
19128,0.5015082
19129,0.45851126
19130,0.5600117
19131,0.5567966
19132,0.41642413
19133,0.6008972
19134,0.51667976
19135,0.55121917
19136,0.56973505
19137,0.5794012
19138,0.4675786
19139,0.5263433
19140,0.557286
19141,0.580635
19142,0.55711395
19143,0.46903214
19144,0.86219823
19145,0.5742121
19146,0.5255151
19147,0.53940326
19148,0.44254473
19149,0.88245475
19150,0.4274804
19151,0.5337009
19152,0.5315268
19153,0.5170618
19154,0.47096193
19155,0.54277277
19156,0.46390828
19157,0.47119662
19158,0.5031481
19159,0.47161558
19160,0.5786238
19161,0.5713887
19162,0.55816066
19163,0.61739206
19164,0.51106703
19165,0.45583525
19166,0.46813205
19167,0.5488713
19168,0.5641964
19169,0.57235116
19170,0.4678849
19171,0.5972674
19172,0.47532228
19173,0.47177368
19174,0.62249726
19175,0.45403722
19176,0.73864496
19177,0.54296315
19178,0.5558091
19179,0.6271194
19180,0.47552183
19181,0.5470918
19182,0.4879407
19183,0.4703692
19184,0.43480757
19185,0.5420614
19186,0.6016607
19187,0.43970978
19188,0.4300713
19189,0.4348737
19190,0.44782606
19191,0.53338766
19192,0.40347543
19193,0.54572266
19194,0.51214105
19195,0.41978735
19196,0.61441463
19197,0.5588603
19198,0.3967471
19199,0.6557944
19200,0.4774609
19201,0.5302859
19202,0.59557533
19203,0.6228266
19204,0.5736615
19205,0.44750318
19206,0.5512359
19207,0.5510433
19208,0.47498822
19209,0.45710695
19210,0.5299997
19211,0.5343243
19212,0.5303982
19213,0.4731267
19214,0.57299757
19215,0.42077658
19216,0.3957679
19217,0.6175096
19218,0.59947765
19219,0.47881964
19220,0.4837799
19221,0.51677245
19222,0.5585412
19223,0.5672014
19224,0.46271318
19225,0.4095465
19226,0.6722778
19227,0.47527987
19228,0.4573839
19229,0.54330057
19230,0.527152
19231,0.46908984
19232,0.593101
19233,0.46856147
19234,0.464342
19235,0.47599328
19236,0.54234445
19237,0.5612762
19238,0.5122787
19239,0.56047064
19240,0.5355502
19241,0.53988725
19242,0.53781325
19243,0.5162185
19244,0.56207275
19245,0.5601505
19246,0.46664515
19247,0.5764807
19248,0.47670093
19249,0.42192397
19250,0.45945942
19251,0.46641392
19252,0.58289295
19253,0.37920907
19254,0.46165693
19255,0.44909948
19256,0.40500456
19257,0.5552313
19258,0.4114039
19259,0.70468295
19260,0.4641562
19261,0.5049018
19262,0.5541745
19263,0.49339998
19264,0.49158996
19265,0.47745064
19266,0.42176598
19267,0.62239325
19268,0.5482621
19269,0.5575464
19270,0.4113451
19271,0.46916366
19272,0.4453864
19273,0.6172827
19274,0.5694685
19275,0.47258982
19276,0.6987233
19277,0.45512766
19278,0.48915198
19279,0.5413499
19280,0.55507934
19281,0.47228447
19282,0.46601784
19283,0.58902264
19284,0.59654486
19285,0.6772515
19286,0.74948967
19287,0.5220459
19288,0.5599418
19289,0.46804312
19290,0.6620232
19291,0.5294153
19292,0.5358636
19293,0.5745815
19294,0.57057875
19295,0.7513499
19296,0.5858405
19297,0.6254012
19298,0.5743471
19299,0.571554
19300,0.6010866
19301,0.39867198
19302,0.594418
19303,0.52625096
19304,0.42923924
19305,0.4758074
19306,0.5547902
19307,0.5741094
19308,0.5820768
19309,0.44187942
19310,0.49060437
19311,0.5383007
19312,0.55544645
19313,0.47081137
19314,0.4434406
19315,0.7665925
19316,0.541546
19317,0.6223977
19318,0.77448744
19319,0.5332386
19320,0.47595203
19321,0.47566098
19322,0.6773814
19323,0.5573658
19324,0.42866194
19325,0.5863926
19326,0.38740596
19327,0.48078063
19328,0.46347958
19329,0.60404605
19330,0.42666477
19331,0.590764
19332,0.5317871
19333,0.55990684
19334,0.5639186
19335,0.40853882
19336,0.5371945
19337,0.5431046
19338,0.46041703
19339,0.45996615
19340,0.549826
19341,0.45148078
19342,0.6030205
19343,0.45085573
19344,0.52341306
19345,0.58389866
19346,0.53309906
19347,0.51516354
19348,0.60242057
19349,0.40280753
19350,0.5509569
19351,0.5829831
19352,0.5493653
19353,0.51915824
19354,0.48169142
19355,0.47417268
19356,0.687683
19357,0.56708866
19358,0.4574672
19359,0.47440612
19360,0.9604847
19361,0.45941707
19362,0.53221744
19363,0.5917268
19364,0.50465494
19365,0.5420612
19366,0.4456387
19367,0.45654655
19368,0.592417
19369,0.6045896
19370,0.47388378
19371,0.57618964
19372,0.4619598
19373,0.5665745
19374,0.4181358
19375,0.60321707
19376,0.4589202
19377,0.46671247
19378,0.45516333
19379,0.5712249
19380,0.5513512
19381,0.5569227
19382,0.47397566
19383,0.51002413
19384,0.5484153
19385,0.46828234
19386,0.44859368
19387,0.5108278
19388,0.70441204
19389,0.5274704
19390,0.46347862
19391,0.4780775
19392,0.41360646
19393,0.5163876
19394,0.52281266
19395,0.5483012
19396,0.5393318
19397,0.45528314
19398,0.6386536
19399,0.6879351
19400,0.52481616
19401,0.44897437
19402,0.5275099
19403,0.5152939
19404,0.48971313
19405,0.5019948
19406,0.54230535
19407,0.55835766
19408,0.5205313
19409,0.54484695
19410,0.5568155
19411,0.42664102
19412,0.5764057
19413,0.5772516
19414,0.47133678
19415,0.47518906
19416,0.6139906
19417,0.5800943
19418,0.47443855
19419,0.54905665
19420,0.5183693
19421,0.55564857
19422,0.54711115
19423,0.6123652
19424,0.44392693
19425,0.6760589
19426,0.53349286
19427,0.53596103
19428,0.4401767
19429,0.55464244
19430,0.60017586
19431,0.45517865
19432,0.6309558
19433,0.42505473
19434,0.64888173
19435,0.6307733
19436,0.56898105
19437,0.4681966
19438,0.5797574
19439,0.58155465
19440,0.48691913
19441,0.5862184
19442,0.4402683
19443,0.40673894
19444,0.55404276
19445,0.55440235
19446,0.4248978
19447,0.48963508
19448,0.5473302
19449,0.5404491
19450,0.4590374
19451,0.5235136
19452,0.45567492
19453,0.5255914
19454,0.47150928
19455,0.47802773
19456,0.5552975
19457,0.52264196
19458,0.48311096
19459,0.4706474
19460,0.5440268
19461,0.50202686
19462,0.55619895
19463,0.5294026
19464,0.5068352
19465,0.47347632
19466,0.4895828
19467,0.5308135
19468,0.53285277
19469,0.5730352
19470,0.5074199
19471,0.4022054
19472,0.56655306
19473,0.49284768
19474,0.5654583
19475,0.49513295
19476,0.54227614
19477,0.56698644
19478,0.63790166
19479,0.5494991
19480,0.39025152
19481,0.5272019
19482,0.45974898
19483,0.56109446
19484,0.56327176
19485,0.49402344
19486,0.4290313
19487,0.60798955
19488,0.48088592
19489,0.6272371
19490,0.4736134
19491,0.4642148
19492,0.57320446
19493,0.43761542
19494,0.55105907
19495,0.71251845
19496,0.545843
19497,0.554674
19498,0.5570179
19499,0.44284233
19500,0.56454927
19501,0.4669639
19502,0.44110587
19503,0.56797
19504,0.63326764
19505,0.49342287
19506,0.6234695
19507,0.410486
19508,0.7060865
19509,0.45946798
19510,0.42027926
19511,0.6384465
19512,0.49562767
19513,0.44030428
19514,0.5677335
19515,0.55820495
19516,0.42402047
19517,0.5613811
19518,0.40094388
19519,0.54984033
19520,0.55042756
19521,0.46131802
19522,0.45304477
19523,0.48050076
19524,0.6112637
19525,0.62411207
19526,0.67317283
19527,0.47048476
19528,0.43792108
19529,0.538082
19530,0.55818915
19531,0.55086094
19532,0.9825634
19533,0.5413944
19534,0.5388012
19535,0.6377803
19536,0.41318217
19537,0.53805614
19538,0.47087064
19539,0.41296798
19540,0.5187679
19541,0.46783936
19542,0.43314317
19543,0.5482105
19544,0.40357968
19545,0.4351024
19546,0.46459615
19547,0.4954561
19548,0.54936945
19549,0.6739975
19550,0.6462069
19551,0.5222073
19552,0.50305295
19553,0.50559187
19554,0.56748265
19555,0.44597045
19556,0.6981953
19557,0.95933473
19558,0.45809618
19559,0.47334704
19560,0.5430981
19561,0.47617915
19562,0.4704787
19563,0.4974649
19564,0.44713384
19565,0.40229145
19566,0.5051421
19567,0.5416239
19568,0.5374445
19569,0.6080249
19570,0.38345072
19571,0.5042899
19572,0.5526789
19573,0.57404196
19574,0.5521441
19575,0.4759389
19576,0.47321832
19577,0.4302296
19578,0.6929764
19579,0.5457283
19580,0.4746657
19581,0.5820897
19582,0.4294631
19583,0.6805163
19584,0.4477735
19585,0.49398413
19586,0.57710975
19587,0.44423023
19588,0.44066375
19589,0.5652822
19590,0.8269948
19591,0.4333195
19592,0.5862293
19593,0.45330536
19594,0.5070316
19595,0.6040758
19596,0.46551484
19597,0.51996577
19598,0.5284922
19599,0.5355641
19600,0.5367087
19601,0.47600454
19602,0.6867769
19603,0.5516542
19604,0.57003033
19605,0.398892
19606,0.5478678
19607,0.62708014
19608,0.3931322
19609,0.47543448
19610,0.4519475
19611,0.62692857
19612,0.47150624
19613,0.5397683
19614,0.5510485
19615,0.46083122
19616,0.48081583
19617,0.5472261
19618,0.6368214
19619,0.46592212
19620,0.44875118
19621,0.48426247
19622,0.51722187
19623,0.6689682
19624,0.5467898
19625,0.46450776
19626,0.62898195
19627,0.8514656
19628,0.653065
19629,0.54555714
19630,0.5078971
19631,0.61343086
19632,0.4359783
19633,0.56549275
19634,0.48046902
19635,0.47134313
19636,0.5349069
19637,0.62042713
19638,0.44826213
19639,0.5432861
19640,0.4774599
19641,0.46718663
19642,0.5290668
19643,0.69200003
19644,0.4568537
19645,0.5691242
19646,0.46335682
19647,0.5727954
19648,0.5472575
19649,0.81837314
19650,0.5656611
19651,0.45930615
19652,0.55081105
19653,0.5658004
19654,0.7901619
19655,0.57409155
19656,0.5301064
19657,0.70112574
19658,0.5600829
19659,0.5351936
19660,0.45371923
19661,0.5219178
19662,0.53698367
19663,0.54812604
19664,0.6290961
19665,0.53570926
19666,0.6280526
19667,0.5466385
19668,0.43616268
19669,0.55240357
19670,0.6962811
19671,0.4121793
19672,0.4746285
19673,0.55719537
19674,0.5304259
19675,0.47256747
19676,0.64198387
19677,0.5753021
19678,0.68018395
19679,0.6683662
19680,0.5475993
19681,0.4191792
19682,0.55572724
19683,0.5922778
19684,0.47606042
19685,0.5745563
19686,0.37528986
19687,0.62722206
19688,0.5730585
19689,0.4703242
19690,0.60763234
19691,0.5904189
19692,0.45455572
19693,0.42855024
19694,0.42403397
19695,0.54733795
19696,0.4284994
19697,0.5764991
19698,0.4839516
19699,0.44777498
19700,0.53528
19701,0.5142609
19702,0.47016838
19703,0.46842137
19704,0.61691844
19705,0.46626535
19706,0.54628086
19707,0.526223
19708,0.5467037
19709,0.53200936
19710,0.55854946
19711,0.6370933
19712,0.5054116
19713,0.5928793
19714,0.5686829
19715,0.5763859
19716,0.5373752
19717,0.6339581
19718,0.5379886
19719,0.6395228
19720,0.54453135
19721,0.46505395
19722,0.56845635
19723,0.42294422
19724,0.5883775
19725,0.48497906
19726,0.4840771
19727,0.41411614
19728,0.58189857
19729,0.47408867
19730,0.45109504
19731,0.47967777
19732,0.568489
19733,0.7166028
19734,0.53185284
19735,0.47354203
19736,0.5007546
19737,0.5253255
19738,0.6065416
19739,0.69409734
19740,0.5258764
19741,0.41606033
19742,0.48272398
19743,0.57672966
19744,0.5904916
19745,0.47587764
19746,0.5433707
19747,0.6315088
19748,0.5461329
19749,0.5545
19750,0.457318
19751,0.44915488
19752,0.5313919
19753,0.4511193
19754,0.54499125
19755,0.5895399
19756,0.46316624
19757,0.4102342
19758,0.38232702
19759,0.46685117
19760,0.5647358
19761,0.43314707
19762,0.5229643
19763,0.49957925
19764,0.52625185
19765,0.54228085
19766,0.41186306
19767,0.45547917
19768,0.55446297
19769,0.57675695
19770,0.47577378
19771,0.5375542
19772,0.47218832
19773,0.45941418
19774,0.48850748
19775,0.53196234
19776,0.46549988
19777,0.43831867
19778,0.63277763
19779,0.46639064
19780,0.5439871
19781,0.58449215
19782,0.53104216
19783,0.45566586
19784,0.55231327
19785,0.4913564
19786,0.5715182
19787,0.46136832
19788,0.5702185
19789,0.7056908
19790,0.5729559
19791,0.41606307
19792,0.6076714
19793,0.4502732
19794,0.46350715
19795,0.6128774
19796,0.47303793
19797,0.48955807
19798,0.45228243
19799,0.5945376
19800,0.45893845
19801,0.43862665
19802,0.5284519
19803,0.4499531
19804,0.83116585
19805,0.54230917
19806,0.41103885
19807,0.5816083
19808,0.61380625
19809,0.45816416
19810,0.52893543
19811,0.47730124
19812,0.54075986
19813,0.5647156
19814,0.5332694
19815,0.54404944
19816,0.4242022
19817,0.47231048
19818,0.5626197
19819,0.49549192
19820,0.45967638
19821,0.42167583
19822,0.5651919
19823,0.4939897
19824,0.49996692
19825,0.6114466
19826,0.61803347
19827,0.4829449
19828,0.42837682
19829,0.49259868
19830,0.44663775
19831,0.5416809
19832,0.57737607
19833,0.44035596
19834,0.5159709
19835,0.5740258
19836,0.40221602
19837,0.58985704
19838,0.5470908
19839,0.5238617
19840,0.75850654
19841,0.49626932
19842,0.46249664
19843,0.8604893
19844,0.4609798
19845,0.5890925
19846,0.53653735
19847,0.66830814
19848,0.5945269
19849,0.4760952
19850,0.4801618
19851,0.42173538
19852,0.549721
19853,0.4279812
19854,0.42877838
19855,0.51613176
19856,0.41958386
19857,0.52996844
19858,0.51162153
19859,0.5452908
19860,0.5129974
19861,0.59900594
19862,0.47152877
19863,0.649892
19864,0.5050449
19865,0.43954667
19866,0.5270156
19867,0.5403386
19868,0.43697304
19869,0.42520076
19870,0.56664807
19871,0.47891498
19872,0.50831735
19873,0.48625046
19874,0.4829444
19875,0.54714775
19876,0.5564468
19877,0.540651
19878,0.5225887
19879,0.43584836
19880,0.65533143
19881,0.5391081
19882,0.45562917
19883,0.5235145
19884,0.4582622
19885,0.4945478
19886,0.4442145
19887,0.57325613
19888,0.5407689
19889,0.44504967
19890,0.53508824
19891,0.508153
19892,0.77015746
19893,0.5418417
19894,0.55044824
19895,0.5170364
19896,0.5259147
19897,0.5754764
19898,0.491278
19899,0.5531665
19900,0.43726853
19901,0.5826052
19902,0.5346907
19903,0.559285
19904,0.59737813
19905,0.49024028
19906,0.4607065
19907,0.56980556
19908,0.559142
19909,0.56575465
19910,0.80111843
19911,0.3967601
19912,0.5525857
19913,0.40398675
19914,0.45343876
19915,0.5147393
19916,0.54376376
19917,0.57415056
19918,0.44796708
19919,0.472294
19920,0.5362126
19921,0.4708637
19922,0.4553223
19923,0.5687394
19924,0.5194184
19925,0.45798388
19926,0.5039462
19927,0.5600272
19928,0.6463078
19929,0.69891775
19930,0.551884
19931,0.486453
19932,0.5142451
19933,0.48006833
19934,0.54134256
19935,0.6058763
19936,0.5224053
19937,0.5349545
19938,0.5172551
19939,0.47122368
19940,0.5758936
19941,0.5910645
19942,0.5701029
19943,0.577153
19944,0.3869552
19945,0.55593574
19946,0.57688016
19947,0.39715505
19948,0.42459324
19949,0.61067843
19950,0.59511566
19951,0.5621387
19952,0.54932666
19953,0.49276662
19954,0.5108003
19955,0.45759216
19956,0.40363342
19957,0.48553327
19958,0.60140324
19959,0.59686613
19960,0.52704185
19961,0.41430786
19962,0.4465807
19963,0.46563908
19964,0.5136303
19965,0.4075886
19966,0.596504
19967,0.54501796
19968,0.47957543
19969,0.53475475
19970,0.5205506
19971,0.46797913
19972,0.5277811
19973,0.56418836
19974,0.4553099
19975,0.57962453
19976,0.5110297
19977,0.45180747
19978,0.55336463
19979,0.4624674
19980,0.56443834
19981,0.52746946
19982,0.5192524
19983,0.45412818
19984,0.47700274
19985,0.41860607
19986,0.5112325
19987,0.5033883
19988,0.51718163
19989,0.4436197
19990,0.89875627
19991,0.5156307
19992,0.46564952
19993,0.4696769
19994,0.52322376
19995,0.4586709
19996,0.4425121
19997,0.6447928
19998,0.5132113
19999,0.4956508
20000,0.39756343
20001,0.48528677
20002,0.5532473
20003,0.46875238
20004,0.4681631
20005,0.55920863
20006,0.5269982
20007,0.5436996
20008,0.55708605
20009,0.4335247
20010,0.40046954
20011,0.5981314
20012,0.50649935
20013,0.5605225
20014,0.4593014
20015,0.5655707
20016,0.75151175
20017,0.43003434
20018,0.48630485
20019,0.4308442
20020,0.5518181
20021,0.57630026
20022,0.5298953
20023,0.55633837
20024,0.54052174
20025,0.55823666
20026,0.55575216
20027,0.5545849
20028,0.522377
20029,0.65115607
20030,0.50427175
20031,0.5493972
20032,0.545464
20033,0.5410502
20034,0.5374141
20035,0.47531646
20036,0.52457356
20037,0.67543906
20038,0.5176791
20039,0.4952437
20040,0.46145773
20041,0.5712668
20042,0.53684366
20043,0.47318932
20044,0.52456063
20045,0.52780354
20046,0.46300727
20047,0.47822517
20048,0.530893
20049,0.49456736
20050,0.5763349
20051,0.43453628
20052,0.38992983
20053,0.5124949
20054,0.5356675
20055,0.5100237
20056,0.55032253
20057,0.43307352
20058,0.39926025
20059,0.65746665
20060,0.5288705
20061,0.6097493
20062,0.46596575
20063,0.5600034
20064,0.5430568
20065,0.6151272
20066,0.41019154
20067,0.39218518
20068,0.38666517
20069,0.568934
20070,0.44736397
20071,0.46479532
20072,0.4667622
20073,0.41903785
20074,0.4317385
20075,0.5256876
20076,0.4636148
20077,0.62458324
20078,0.5480011
20079,0.4712419
20080,0.5736882
20081,0.89405656
20082,0.5172224
20083,0.51171666
20084,0.47011766
20085,0.4646843
20086,0.52626604
20087,0.5040202
20088,0.45737556
20089,0.43016982
20090,0.4602794
20091,0.55544674
20092,0.4087412
20093,0.5592989
20094,0.46483698
20095,0.5351986
20096,0.56754094
20097,0.55687845
20098,0.4220563
20099,0.5296289
20100,0.53050625
20101,0.5540315
20102,0.57781243
20103,0.4777404
20104,0.44308326
20105,0.60911196
20106,0.5528672
20107,0.5757968
20108,0.555872
20109,0.4556917
20110,0.54522717
20111,0.45327917
20112,0.5650573
20113,0.4663665
20114,0.5633757
20115,0.49911365
20116,0.47586662
20117,0.61322683
20118,0.56864405
20119,0.5670389
20120,0.48494402
20121,0.50303286
20122,0.5555904
20123,0.4658546
20124,0.4270813
20125,0.5873423
20126,0.54663825
20127,0.50089604
20128,0.4592807
20129,0.55948836
20130,0.5598658
20131,0.4863651
20132,0.4566621
20133,0.5605836
20134,0.45585984
20135,0.50046194
20136,0.4057432
20137,0.4687848
20138,0.49535373
20139,0.6507521
20140,0.45176086
20141,0.45285168
20142,0.5713966
20143,0.47830686
20144,0.4287376
20145,0.47451183
20146,0.4899753
20147,0.5503837
20148,0.486735
20149,0.5232696
20150,0.56618166
20151,0.47962067
20152,0.5813087
20153,0.5303915
20154,0.40476936
20155,0.5664881
20156,0.54090077
20157,0.49953932
20158,0.5747733
20159,0.64145416
20160,0.5045009
20161,0.56556344
20162,0.52364075
20163,0.5439298
20164,0.48109013
20165,0.56512237
20166,0.5546245
20167,0.5612707
20168,0.64718634
20169,0.57311463
20170,0.53680736
20171,0.58414006
20172,0.42439598
20173,0.5143396
20174,0.4656222
20175,0.5341795
20176,0.5078801
20177,0.5519062
20178,0.6521547
20179,0.5407899
20180,0.5109979
20181,0.56756306
20182,0.40854886
20183,0.521149
20184,0.406792
20185,0.4740589
20186,0.58821636
20187,0.5560175
20188,0.48241326
20189,0.5660574
20190,0.5415366
20191,0.6795882
20192,0.55043024
20193,0.44555697
20194,0.54324
20195,0.48156568
20196,0.46893215
20197,0.5945481
20198,0.47085333
20199,0.5174772
20200,0.5550297
20201,0.5388605
20202,0.47333673
20203,0.5235596
20204,0.5258122
20205,0.4495656
20206,0.4707128
20207,0.641108
20208,0.52215695
20209,0.46995535
20210,0.47775096
20211,0.53960407
20212,0.4136166
20213,0.4602439
20214,0.5235262
20215,0.56833875
20216,0.59782547
20217,0.5361524
20218,0.54989254
20219,0.61932117
20220,0.47071844
20221,0.59430104
20222,0.6580069
20223,0.4811908
20224,0.60839397
20225,0.5852824
20226,0.46580827
20227,0.6752174
20228,0.4244488
20229,0.5716867
20230,0.6728484
20231,0.5625281
20232,0.5418382
20233,0.6051194
20234,0.46972594
20235,0.5653523
20236,0.41009533
20237,0.4718449
20238,0.52339816
20239,0.429353
20240,0.50645316
20241,0.4673888
20242,0.46173617
20243,0.41926685
20244,0.6599514
20245,0.5348257
20246,0.55954033
20247,0.44304398
20248,0.5493208
20249,0.47540715
20250,0.5192305
20251,0.4342044
20252,0.47387916
20253,0.47404885
20254,0.47700492
20255,0.4636137
20256,0.55992097
20257,0.47113252
20258,0.5820742
20259,0.7422807
20260,0.4904172
20261,0.5593423
20262,0.55214125
20263,0.4369557
20264,0.46499133
20265,0.52807724
20266,0.495909
20267,0.5605222
20268,0.5702701
20269,0.5256051
20270,0.55435854
20271,0.498759
20272,0.45699194
20273,0.4757552
20274,0.42758426
20275,0.64988375
20276,0.47380155
20277,0.4461793
20278,0.5305271
20279,0.6088185
20280,0.5769437
20281,0.5539565
20282,0.5201962
20283,0.49568552
20284,0.5612252
20285,0.5552393
20286,0.51366705
20287,0.62361664
20288,0.5438026
20289,0.46343493
20290,0.5274208
20291,0.4532255
20292,0.54892075
20293,0.565815
20294,0.5634843
20295,0.4490708
20296,0.46877006
20297,0.5695945
20298,0.41798612
20299,0.53404826
20300,0.45829946
20301,0.5051312
20302,0.56119233
20303,0.69042146
20304,0.42731386
20305,0.4104261
20306,0.4957225
20307,0.54849994
20308,0.6439713
20309,0.51499087
20310,0.46575478
20311,0.49518937
20312,0.4571336
20313,0.57227856
20314,0.5830993
20315,0.7722002
20316,0.47152123
20317,0.43992376
20318,0.67260677
20319,0.57918966
20320,0.47195578
20321,0.50963634
20322,0.40939176
20323,0.5329594
20324,0.40082768
20325,0.56795484
20326,0.52295375
20327,0.4646297
20328,0.5482736
20329,0.46819386
20330,0.55213654
20331,0.46157014
20332,0.4844739
20333,0.54884046
20334,0.5695286
20335,0.5991713
20336,0.4638259
20337,0.56162703
20338,0.47664002
20339,0.5872356
20340,0.45246142
20341,0.59641236
20342,0.5749524
20343,0.5461634
20344,0.59975415
20345,0.4945507
20346,0.54630363
20347,0.599044
20348,0.5567258
20349,0.41245088
20350,0.59071356
20351,0.56714547
20352,0.54885185
20353,0.47744668
20354,0.54957455
20355,0.5427755
20356,0.45069957
20357,0.39793447
20358,0.54993397
20359,0.38107494
20360,0.5465493
20361,0.4790805
20362,0.47634178
20363,0.56568027
20364,0.38000903
20365,0.52100235
20366,0.4951712
20367,0.60272694
20368,0.52058923
20369,0.47647184
20370,0.4570324
20371,0.47742623
20372,0.4779998
20373,0.4595057
20374,0.42629886
20375,0.42169297
20376,0.55482596
20377,0.5709375
20378,0.48286387
20379,0.6710193
20380,0.47206244
20381,0.5683866
20382,0.47355613
20383,0.44033787
20384,0.54967695
20385,0.56629455
20386,0.5681052
20387,0.71893954
20388,0.63260126
20389,0.56587976
20390,0.40258926
20391,0.57187104
20392,0.454523
20393,0.45747173
20394,0.6237431
20395,0.44934258
20396,0.52157354
20397,0.47346538
20398,0.43589953
20399,0.45434406
20400,0.46578145
20401,0.4427376
20402,0.5637392
20403,0.44478965
20404,0.58683467
20405,0.53643966
20406,0.37683484
20407,0.5780318
20408,0.6167852
20409,0.6491493
20410,0.5380104
20411,0.5161227
20412,0.55468196
20413,0.56106544
20414,0.39353424
20415,0.5510848
20416,0.48581982
20417,0.478913
20418,0.37822533
20419,0.5201872
20420,0.46283486
20421,0.47830743
20422,0.5155309
20423,0.52540684
20424,0.56773055
20425,0.94356036
20426,0.51275784
20427,0.4884574
20428,0.47550812
20429,0.52753305
20430,0.47501463
20431,0.46962485
20432,0.40082723
20433,0.41016573
20434,0.5705506
20435,0.49050683
20436,0.55269027
20437,0.5415682
20438,0.41985673
20439,0.618676
20440,0.5397239
20441,0.41986245
20442,0.5027225
20443,0.4483905
20444,0.5131478
20445,0.4594619
20446,0.59428346
20447,0.560418
20448,0.5800194
20449,0.4504569
20450,0.5734443
20451,0.46905705
20452,0.46444187
20453,0.6280701
20454,0.52531815
20455,0.46464628
20456,0.4446577
20457,0.6617218
20458,0.5218429
20459,0.4041598
20460,0.60649633
20461,0.4491564
20462,0.4897349
20463,0.6419333
20464,0.48815793
20465,0.41984954
20466,0.541181
20467,0.5690672
20468,0.4231073
20469,0.576445
20470,0.5803192
20471,0.670966
20472,0.4548247
20473,0.5621116
20474,0.45619884
20475,0.47578737
20476,0.5274951
20477,0.5269557
20478,0.42578027
20479,0.55603105
20480,0.7112093
20481,0.5527629
20482,0.5418007
20483,0.5552772
20484,0.5690213
20485,0.5697468
20486,0.41202596
20487,0.9914022
20488,0.5423774
20489,0.606621
20490,0.4866023
20491,0.5296524
20492,0.50565547
20493,0.43535036
20494,0.5757349
20495,0.48741108
20496,0.52793187
20497,0.39211062
20498,0.4801843
20499,0.59470487
20500,0.54703265
20501,0.5509262
20502,0.54294556
20503,0.5546637
20504,0.53674513
20505,0.548438
20506,0.46235374
20507,0.39859328
20508,0.5719345
20509,0.6129728
20510,0.41256598
20511,0.50349903
20512,0.47738868
20513,0.4925713
20514,0.47203872
20515,0.5301902
20516,0.4798843
20517,0.5311825
20518,0.53146225
20519,0.5719245
20520,0.44880792
20521,0.49733648
20522,0.50437653
20523,0.46830365
20524,0.4541385
20525,0.53029084
20526,0.47471106
20527,0.49975964
20528,0.565803
20529,0.6448753
20530,0.6726999
20531,0.6530784
20532,0.46900576
20533,0.5376237
20534,0.5885317
20535,0.42805243
20536,0.600144
20537,0.39556295
20538,0.4681753
20539,0.59645927
20540,0.6088242
20541,0.44616038
20542,0.60579634
20543,0.70254415
20544,0.67338204
20545,0.6647542
20546,0.59928954
20547,0.54230744
20548,0.5586448
20549,0.49143222
20550,0.61201906
20551,0.4983131
20552,0.584886
20553,0.48057473
20554,0.5917204
20555,0.53586274
20556,0.45168895
20557,0.5566957
20558,0.46884894
20559,0.57059395
20560,0.41937533
20561,0.5716234
20562,0.52388495
20563,0.44199872
20564,0.96550345
20565,0.5120797
20566,0.5587904
20567,0.58112574
20568,0.4069112
20569,0.5822958
20570,0.46470845
20571,0.38994133
20572,0.4728644
20573,0.47045496
20574,0.52131724
20575,0.4893911
20576,0.52105343
20577,0.42966613
20578,0.6111715
20579,0.47045153
20580,0.46531838
20581,0.62227505
20582,0.42828953
20583,0.6960268
20584,0.5203306
20585,0.4684152
20586,0.57532954
20587,0.47102413
20588,0.44959196
20589,0.4003737
20590,0.5169024
20591,0.75235486
20592,0.5469898
20593,0.5375573
20594,0.56146353
20595,0.5357954
20596,0.47621626
20597,0.57255864
20598,0.45748058
20599,0.5592804
20600,0.5593629
20601,0.563167
20602,0.6717707
20603,0.5717792
20604,0.5076816
20605,0.47336936
20606,0.39883047
20607,0.580974
20608,0.5324374
20609,0.5327819
20610,0.555799
20611,0.5733878
20612,0.4311245
20613,0.5550167
20614,0.58106333
20615,0.63659257
20616,0.6813797
20617,0.41350353
20618,0.53556603
20619,0.6139071
20620,0.53576833
20621,0.60579956
20622,0.5070342
20623,0.5794717
20624,0.519676
20625,0.4798194
20626,0.5196699
20627,0.45782134
20628,0.43004334
20629,0.5638696
20630,0.805621
20631,0.5329438
20632,0.5397135
20633,0.4889055
20634,0.5677847
20635,0.542595
20636,0.6413884
20637,0.60143673
20638,0.5196833
20639,0.4438322
20640,0.5042823
20641,0.5093627
20642,0.582266
20643,0.56131995
20644,0.4652895
20645,0.4715493
20646,0.58430034
20647,0.46732298
20648,0.48998022
20649,0.50530505
20650,0.76442873
20651,0.5161242
20652,0.552781
20653,0.44258335
20654,0.5474243
20655,0.46268427
20656,0.6978588
20657,0.53448683
20658,0.5605128
20659,0.46236014
20660,0.44025406
20661,0.48108223
20662,0.4795157
20663,0.6542391
20664,0.4337184
20665,0.57853967
20666,0.44899523
20667,0.46281314
20668,0.56509763
20669,0.61159575
20670,0.79279375
20671,0.5754706
20672,0.4753214
20673,0.46670413
20674,0.5481769
20675,0.4763351
20676,0.80176985
20677,0.48761225
20678,0.5087048
20679,0.5556244
20680,0.40455565
20681,0.55166906
20682,0.5714367
20683,0.8953233
20684,0.57375616
20685,0.48189223
20686,0.62517524
20687,0.4638643
20688,0.53169787
20689,0.41697603
20690,0.58933806
20691,0.53516555
20692,0.54526615
20693,0.5162178
20694,0.4406532
20695,0.5658549
20696,0.47542167
20697,0.5528563
20698,0.47459373
20699,0.574286
20700,0.5534232
20701,0.6879104
20702,0.5640278
20703,0.5592637
20704,0.51944077
20705,0.60669506
20706,0.66632515
20707,0.4768606
20708,0.52654755
20709,0.5674767
20710,0.5678539
20711,0.569167
20712,0.3931226
20713,0.55228645
20714,0.54231197
20715,0.46627727
20716,0.40023875
20717,0.5935143
20718,0.55594146
20719,0.45389566
20720,0.55912495
20721,0.5355395
20722,0.58189136
20723,0.49301967
20724,0.50916994
20725,0.5707169
20726,0.5750864
20727,0.587858
20728,0.6225288
20729,0.44963366
20730,0.45193112
20731,0.56138337
20732,0.4711079
20733,0.71331733
20734,0.47570786
20735,0.48881477
20736,0.5384883
20737,0.40113658
20738,0.5119089
20739,0.6296342
20740,0.5980978
20741,0.59283733
20742,0.558636
20743,0.5276018
20744,0.43465725
20745,0.5607158
20746,0.46026805
20747,0.4817846
20748,0.99939096
20749,0.4760198
20750,0.57206583
20751,0.5582804
20752,0.6011162
20753,0.52464175
20754,0.5218121
20755,0.45598435
20756,0.531496
20757,0.47562698
20758,0.5722991
20759,0.5328081
20760,0.5162147
20761,0.46936148
20762,0.54014283
20763,0.564415
20764,0.46421582
20765,0.43832964
20766,0.50562805
20767,0.5111263
20768,0.44924328
20769,0.47602472
20770,0.7044632
20771,0.5850484
20772,0.5426805
20773,0.48753145
20774,0.6999706
20775,0.6036415
20776,0.47496337
20777,0.54928154
20778,0.47057468
20779,0.6507469
20780,0.5662722
20781,0.41439015
20782,0.5718336
20783,0.5822177
20784,0.66272104
20785,0.5713101
20786,0.45438293
20787,0.5518231
20788,0.46625486
20789,0.5201362
20790,0.48436642
20791,0.42282605
20792,0.4575963
20793,0.5751388
20794,0.61121
20795,0.5318113
20796,0.4823707
20797,0.47793087
20798,0.55341446
20799,0.39521256
20800,0.4498648
20801,0.5359703
20802,0.47245997
20803,0.58459085
20804,0.5388992
20805,0.54690915
20806,0.5915584
20807,0.41403955
20808,0.5661588
20809,0.45306858
20810,0.6897185
20811,0.46889997
20812,0.5681633
20813,0.63639385
20814,0.52624935
20815,0.5078662
20816,0.4026044
20817,0.57458216
20818,0.46576136
20819,0.634985
20820,0.48181733
20821,0.4348767
20822,0.57216275
20823,0.52994865
20824,0.4702427
20825,0.4145816
20826,0.5927163
20827,0.5790238
20828,0.58243304
20829,0.56522596
20830,0.5160591
20831,0.51051897
20832,0.54397297
20833,0.42187452
20834,0.55044144
20835,0.5656475
20836,0.47279134
20837,0.38282758
20838,0.5608593
20839,0.43536943
20840,0.56163347
20841,0.49272642
20842,0.55283284
20843,0.43035257
20844,0.6426563
20845,0.5265174
20846,0.5725583
20847,0.8021625
20848,0.46574867
20849,0.57268167
20850,0.5877485
20851,0.5443058
20852,0.49842432
20853,0.56754416
20854,0.6029134
20855,0.376524
20856,0.4302192
20857,0.5841054
20858,0.5709488
20859,0.5473456
20860,0.5602972
20861,0.48198345
20862,0.5146282
20863,0.5343774
20864,0.5486572
20865,0.5226233
20866,0.45940864
20867,0.45086342
20868,0.53784376
20869,0.4476558
20870,0.51316
20871,0.4781522
20872,0.5922298
20873,0.4574787
20874,0.4039385
20875,0.47335455
20876,0.4960115
20877,0.5564758
20878,0.4083794
20879,0.60009193
20880,0.4632109
20881,0.4639111
20882,0.45396602
20883,0.5742687
20884,0.5741771
20885,0.53024906
20886,0.82896835
20887,0.47872347
20888,0.61267674
20889,0.53209674
20890,0.5471966
20891,0.47134322
20892,0.54115343
20893,0.54790986
20894,0.4412556
20895,0.52803946
20896,0.6317972
20897,0.45330012
20898,0.4265104
20899,0.5661607
20900,0.4933939
20901,0.5388122
20902,0.44605458
20903,0.5842963
20904,0.5682128
20905,0.4589474
20906,0.6109956
20907,0.4507727
20908,0.39322025
20909,0.40134132
20910,0.5054452
20911,0.5046876
20912,0.6231087
20913,0.37724468
20914,0.56317854
20915,0.5058796
20916,0.45872873
20917,0.5670759
20918,0.63759255
20919,0.5784224
20920,0.5739512
20921,0.5710534
20922,0.56405836
20923,0.68236524
20924,0.44294202
20925,0.41923997
20926,0.45979768
20927,0.62968916
20928,0.5381491
20929,0.47096676
20930,0.48357072
20931,0.6243412
20932,0.43751603
20933,0.5380555
20934,0.5948182
20935,0.415112
20936,0.45163345
20937,0.46350113
20938,0.5370172
20939,0.4429629
20940,0.4721559
20941,0.41948327
20942,0.56356514
20943,0.423615
20944,0.5479368
20945,0.4509035
20946,0.44135666
20947,0.4387483
20948,0.45887852
20949,0.48740977
20950,0.6732548
20951,0.4729765
20952,0.5553885
20953,0.46510947
20954,0.5568378
20955,0.60489637
20956,0.46608782
20957,0.45151925
20958,0.44544446
20959,0.51906806
20960,0.50555396
20961,0.54081005
20962,0.42287603
20963,0.47023845
20964,0.41527283
20965,0.46217725
20966,0.6938523
20967,0.509332
20968,0.44951838
20969,0.6215178
20970,0.52581996
20971,0.4798746
20972,0.50231564
20973,0.6177882
20974,0.56101376
20975,0.6190887
20976,0.44550452
20977,0.56141657
20978,0.52654314
20979,0.4790916
20980,0.5467532
20981,0.5283144
20982,0.6363913
20983,0.5666966
20984,0.4488742
20985,0.49103692
20986,0.58873886
20987,0.46964055
20988,0.54113984
20989,0.42926672
20990,0.51319766
20991,0.60012186
20992,0.47776714
20993,0.48533198
20994,0.55120903
20995,0.6258093
20996,0.552183
20997,0.47323617
20998,0.43052322
20999,0.5669511
21000,0.55269766
21001,0.6760924
21002,0.45302722
21003,0.45985094
21004,0.5442316
21005,0.564801
21006,0.53645205
21007,0.46379393
21008,0.4526864
21009,0.454182
21010,0.4604599
21011,0.60402775
21012,0.46574837
21013,0.4742398
21014,0.47069824
21015,0.5460295
21016,0.47606182
21017,0.41825855
21018,0.5566076
21019,0.52668
21020,0.7027144
21021,0.48278564
21022,0.662954
21023,0.5877384
21024,0.5493631
21025,0.5533066
21026,0.5229757
21027,0.63515556
21028,0.8253857
21029,0.510117
21030,0.40607023
21031,0.4547018
21032,0.5720999
21033,0.5489033
21034,0.47162792
21035,0.5876045
21036,0.5419007
21037,0.5359613
21038,0.5008161
21039,0.5171348
21040,0.58288544
21041,0.55939245
21042,0.5676007
21043,0.4221214
21044,0.46964252
21045,0.4610427
21046,0.45754743
21047,0.45683056
21048,0.56682056
21049,0.47286898
21050,0.52829677
21051,0.54434866
21052,0.5905216
21053,0.4688391
21054,0.64539754
21055,0.51386327
21056,0.38662058
21057,0.4676798
21058,0.5215106
21059,0.5429787
21060,0.5701433
21061,0.6114825
21062,0.46269742
21063,0.45296806
21064,0.5506823
21065,0.40015972
21066,0.37744215
21067,0.46785265
21068,0.5570264
21069,0.4089321
21070,0.4968071
21071,0.5526344
21072,0.43966562
21073,0.47771892
21074,0.56138235
21075,0.53127736
21076,0.57634306
21077,0.53345156
21078,0.47532156
21079,0.5438269
21080,0.51632035
21081,0.47083867
21082,0.57027185
21083,0.43161654
21084,0.48329285
21085,0.42806563
21086,0.46113223
21087,0.47540978
21088,0.5474517
21089,0.604747
21090,0.52877396
21091,0.6477899
21092,0.55267835
21093,0.58046323
21094,0.4442119
21095,0.44580355
21096,0.67637503
21097,0.4439917
21098,0.4477377
21099,0.41835412
21100,0.45607758
21101,0.5266249
21102,0.5490961
21103,0.5180046
21104,0.4753225
21105,0.628301
21106,0.49870044
21107,0.52040946
21108,0.663115
21109,0.657814
21110,0.4311662
21111,0.63257986
21112,0.59933513
21113,0.43927842
21114,0.4836855
21115,0.4782479
21116,0.55777365
21117,0.37711543
21118,0.43888456
21119,0.6140295
21120,0.5695329
21121,0.66809034
21122,0.47506127
21123,0.50429034
21124,0.5728209
21125,0.54790765
21126,0.6384285
21127,0.5419622
21128,0.51617116
21129,0.57389474
21130,0.55821854
21131,0.5735184
21132,0.5666841
21133,0.40201935
21134,0.47309077
21135,0.5165161
21136,0.6450288
21137,0.70103675
21138,0.5526184
21139,0.57377726
21140,0.5938655
21141,0.4415589
21142,0.4580217
21143,0.47276396
21144,0.5360747
21145,0.42307192
21146,0.50816995
21147,0.53985804
21148,0.5599636
21149,0.51045537
21150,0.48132646
21151,0.4855884
21152,0.44324914
21153,0.48066053
21154,0.53855014
21155,0.44677538
21156,0.4829566
21157,0.39414352
21158,0.6509517
21159,0.8283912
21160,0.53437907
21161,0.47367114
21162,0.79836583
21163,0.47728938
21164,0.550499
21165,0.48429182
21166,0.5750542
21167,0.54314476
21168,0.55021226
21169,0.46230516
21170,0.74705917
21171,0.5401805
21172,0.5133675
21173,0.5328516
21174,0.51572186
21175,0.55939674
21176,0.8477402
21177,0.5735809
21178,0.5492308
21179,0.66376454
21180,0.48238364
21181,0.40993464
21182,0.57219505
21183,0.44811672
21184,0.5227551
21185,0.5467129
21186,0.4837401
21187,0.58324426
21188,0.50453657
21189,0.5375256
21190,0.54936904
21191,0.593125
21192,0.5777199
21193,0.51739734
21194,0.47929442
21195,0.45895222
21196,0.4518272
21197,0.5019117
21198,0.42643705
21199,0.43351397
21200,0.5852665
21201,0.47049868
21202,0.6771969
21203,0.55590194
21204,0.3911236
21205,0.47143045
21206,0.47694126
21207,0.58161896
21208,0.43377745
21209,0.48172194
21210,0.46380877
21211,0.571612
21212,0.47811317
21213,0.4664634
21214,0.4643845
21215,0.45713758
21216,0.39990312
21217,0.5372206
21218,0.5705912
21219,0.63701713
21220,0.47037005
21221,0.8025789
21222,0.4732273
21223,0.495447
21224,0.5532998
21225,0.56201035
21226,0.61736953
21227,0.5237901
21228,0.4869365
21229,0.5556929
21230,0.4497661
21231,0.46811658
21232,0.57181495
21233,0.59131825
21234,0.4645519
21235,0.56938976
21236,0.5523654
21237,0.53104675
21238,0.4279251
21239,0.4720074
21240,0.47427216
21241,0.471013
21242,0.54467297
21243,0.5398227
21244,0.57844573
21245,0.49878007
21246,0.44309008
21247,0.4029411
21248,0.50318
21249,0.46819493
21250,0.5359496
21251,0.58690804
21252,0.51118225
21253,0.39997518
21254,0.55588406
21255,0.4964885
21256,0.5616189
21257,0.5453686
21258,0.4772143
21259,0.56500435
21260,0.5229873
21261,0.55201006
21262,0.44110358
21263,0.471169
21264,0.6364926
21265,0.5757742
21266,0.5740775
21267,0.5056114
21268,0.59319204
21269,0.51095456
21270,0.46741998
21271,0.5367281
21272,0.44360298
21273,0.46720612
21274,0.4536303
21275,0.5972844
21276,0.50147486
21277,0.48908103
21278,0.4710989
21279,0.47379237
21280,0.5831407
21281,0.41631746
21282,0.47347042
21283,0.55979824
21284,0.5758699
21285,0.5445416
21286,0.5552618
21287,0.52727824
21288,0.53071964
21289,0.5506571
21290,0.57031184
21291,0.5090736
21292,0.44535315
21293,0.66648597
21294,0.54133415
21295,0.46726635
21296,0.5572116
21297,0.40689933
21298,0.5560493
21299,0.53786874
21300,0.49917698
21301,0.55933344
21302,0.5377357
21303,0.56063235
21304,0.5158952
21305,0.46941623
21306,0.54914874
21307,0.4499618
21308,0.68196833
21309,0.55769414
21310,0.5577839
21311,0.42541528
21312,0.55338824
21313,0.47693178
21314,0.4641989
21315,0.58480394
21316,0.5426879
21317,0.45142078
21318,0.4730915
21319,0.49789762
21320,0.4293517
21321,0.7372538
21322,0.55353856
21323,0.57483727
21324,0.46543902
21325,0.5146547
21326,0.47801137
21327,0.601781
21328,0.5577752
21329,0.80618435
21330,0.6263643
21331,0.40406427
21332,0.40625492
21333,0.56374013
21334,0.70010984
21335,0.48096785
21336,0.48923272
21337,0.47134545
21338,0.74640214
21339,0.44308296
21340,0.5606553
21341,0.4709296
21342,0.6528192
21343,0.5762396
21344,0.45995662
21345,0.4680723
21346,0.6214036
21347,0.6294503
21348,0.54644686
21349,0.44643062
21350,0.45816076
21351,0.49984
21352,0.46948627
21353,0.5396567
21354,0.5381351
21355,0.5681143
21356,0.535636
21357,0.43926287
21358,0.5942221
21359,0.42653912
21360,0.40243435
21361,0.54902726
21362,0.4565211
21363,0.4229443
21364,0.4791926
21365,0.5301509
21366,0.5223888
21367,0.8898001
21368,0.39807832
21369,0.54265654
21370,0.5627195
21371,0.56201804
21372,0.61452603
21373,0.41996557
21374,0.54911876
21375,0.5692455
21376,0.46820885
21377,0.43209654
21378,0.55429006
21379,0.55896497
21380,0.47460443
21381,0.50911045
21382,0.4414435
21383,0.48021305
21384,0.45930144
21385,0.4736451
21386,0.4708248
21387,0.57552767
21388,0.47209314
21389,0.5206982
21390,0.6403339
21391,0.5663464
21392,0.45383212
21393,0.4429051
21394,0.57905674
21395,0.4956087
21396,0.54996675
21397,0.4869818
21398,0.47546852
21399,0.46025237
21400,0.547715
21401,0.5442134
21402,0.56312996
21403,0.57484645
21404,0.47763044
21405,0.46433365
21406,0.5576279
21407,0.5297004
21408,0.62627786
21409,0.625016
21410,0.5840767
21411,0.49497074
21412,0.6041671
21413,0.50703603
21414,0.5264757
21415,0.45555815
21416,0.5174887
21417,0.43408704
21418,0.5581915
21419,0.57116634
21420,0.4727262
21421,0.51916605
21422,0.57145345
21423,0.56962126
21424,0.64387995
21425,0.41624534
21426,0.56684315
21427,0.5583693
21428,0.5443556
21429,0.3978476
21430,0.41491538
21431,0.46891296
21432,0.41549286
21433,0.6060434
21434,0.5292697
21435,0.53855896
21436,0.6925565
21437,0.46734354
21438,0.46695024
21439,0.4485331
21440,0.47861186
21441,0.4747404
21442,0.48025683
21443,0.5197607
21444,0.47423998
21445,0.52423495
21446,0.8433829
21447,0.39488003
21448,0.59948206
21449,0.44681567
21450,0.64262307
21451,0.3987139
21452,0.54254794
21453,0.5326799
21454,0.45726472
21455,0.5523498
21456,0.46080592
21457,0.56850904
21458,0.45705816
21459,0.5567474
21460,0.559542
21461,0.47536886
21462,0.55990094
21463,0.41320413
21464,0.50388676
21465,0.49307647
21466,0.56821394
21467,0.46842793
21468,0.48232585
21469,0.6112265
21470,0.48049247
21471,0.55772525
21472,0.5759948
21473,0.71813583
21474,0.50267214
21475,0.5705633
21476,0.5666399
21477,0.5365968
21478,0.5981396
21479,0.45269385
21480,0.51037925
21481,0.45540392
21482,0.4533711
21483,0.44626212
21484,0.46938032
21485,0.5872656
21486,0.52510685
21487,0.5562192
21488,0.4692824
21489,0.5056659
21490,0.56635916
21491,0.53895175
21492,0.49769756
21493,0.7619723
21494,0.5702685
21495,0.52957815
21496,0.54130894
21497,0.43334433
21498,0.4559846
21499,0.4003115
21500,0.5036041
21501,0.5410533
21502,0.56421
21503,0.7953714
21504,0.5050103
21505,0.46203583
21506,0.5714064
21507,0.5851859
21508,0.5158083
21509,0.5526581
21510,0.5400747
21511,0.49486357
21512,0.59575903
21513,0.53913677
21514,0.5514524
21515,0.49609938
21516,0.5275629
21517,0.527857
21518,0.5634009
21519,0.6026922
21520,0.5627317
21521,0.5348284
21522,0.50383097
21523,0.5133023
21524,0.5739342
21525,0.53936124
21526,0.59021664
21527,0.49425626
21528,0.39892614
21529,0.5404163
21530,0.5609249
21531,0.52409315
21532,0.48789868
21533,0.73870856
21534,0.574532
21535,0.56305975
21536,0.4466131
21537,0.47296396
21538,0.5051487
21539,0.56894165
21540,0.5558447
21541,0.5446388
21542,0.51742905
21543,0.5717295
21544,0.45839036
21545,0.454674
21546,0.4944497
21547,0.5575511
21548,0.45093235
21549,0.47543362
21550,0.55622965
21551,0.5319322
21552,0.52968645
21553,0.55054575
21554,0.56468844
21555,0.4465151
21556,0.455694
21557,0.5908177
21558,0.5459015
21559,0.5044967
21560,0.38384134
21561,0.5900316
21562,0.5606416
21563,0.55349016
21564,0.44010955
21565,0.46335432
21566,0.5689871
21567,0.46673045
21568,0.5845917
21569,0.6008897
21570,0.607528
21571,0.4681259
21572,0.5707252
21573,0.5587823
21574,0.4592774
21575,0.55819565
21576,0.5311292
21577,0.40795714
21578,0.41225266
21579,0.5366529
21580,0.59089565
21581,0.54660887
21582,0.5212182
21583,0.5872196
21584,0.58563495
21585,0.52474755
21586,0.38828182
21587,0.58203393
21588,0.6449607
21589,0.47044197
21590,0.5813898
21591,0.46759105
21592,0.6795379
21593,0.59525144
21594,0.6016232
21595,0.5613553
21596,0.57342756
21597,0.58913815
21598,0.39597246
21599,0.45468098
21600,0.6600124
21601,0.49122077
21602,0.44966525
21603,0.62204695
21604,0.5557562
21605,0.56273353
21606,0.37758878
21607,0.62695754
21608,0.5160363
21609,0.8508351
21610,0.5540692
21611,0.5833167
21612,0.47013262
21613,0.54204136
21614,0.5511073
21615,0.46275926
21616,0.6170261
21617,0.4661645
21618,0.5584804
21619,0.55441225
21620,0.524604
21621,0.53689986
21622,0.46449658
21623,0.5487735
21624,0.55412793
21625,0.567827
21626,0.56227463
21627,0.41720542
21628,0.54454666
21629,0.72461474
21630,1.0
21631,0.48515165
21632,0.4147792
21633,0.53419995
21634,0.46042794
21635,0.47233286
21636,0.47191975
21637,0.57977366
21638,0.45342052
21639,0.57364833
21640,0.54598105
21641,0.5648055
21642,0.5653214
21643,0.7235224
21644,0.43800047
21645,0.44221422
21646,0.55504626
21647,0.566477
21648,0.55625254
21649,0.5730392
21650,0.5824915
21651,0.6579266
21652,0.5399987
21653,0.59015834
21654,0.52254725
21655,0.5580349
21656,0.5339125
21657,0.4503674
21658,0.57466507
21659,0.46315762
21660,0.5513413
21661,0.52505505
21662,0.48669937
21663,0.69880456
21664,0.5198882
21665,0.58240426
21666,0.3996874
21667,0.4708047
21668,0.4745952
21669,0.55204535
21670,0.5433954
21671,0.52473974
21672,0.5865776
21673,0.57234955
21674,0.6892559
21675,0.47589904
21676,0.5538533
21677,0.58911073
21678,0.5150235
21679,0.5758462
21680,0.47543162
21681,0.5283625
21682,0.52838063
21683,0.6235878
21684,0.48131377
21685,0.4799454
21686,0.583
21687,0.4711114
21688,0.51325625
21689,0.5511308
21690,0.5377904
21691,0.42284626
21692,0.53217256
21693,0.46168694
21694,0.46052983
21695,0.544303
21696,0.5338032
21697,0.4331051
21698,0.44313836
21699,0.54033506
21700,0.5616084
21701,0.4902003
21702,0.53453946
21703,0.59771866
21704,0.47746703
21705,0.43781877
21706,0.6200194
21707,0.57427937
21708,0.4395849
21709,0.4684301
21710,0.6225367
21711,0.5894016
21712,0.6259574
21713,0.45115858
21714,0.5094694
21715,0.66499263
21716,0.43918985
21717,0.54096484
21718,0.5926329
21719,0.5542989
21720,0.47725576
21721,0.4734911
21722,0.40837353
21723,0.42721462
21724,0.4846616
21725,0.47359473
21726,0.5555023
21727,0.6442945
21728,0.64162904
21729,0.71954346
21730,0.5530329
21731,0.5165282
21732,0.46663818
21733,0.4795671
21734,0.5450094
21735,0.48120022
21736,0.43878588
21737,0.535256
21738,0.62167937
21739,0.37629372
21740,0.52791333
21741,0.5320355
21742,0.46407545
21743,0.4841069
21744,0.45623574
21745,0.42272246
21746,0.43244278
21747,0.49442172
21748,0.42688173
21749,0.48019853
21750,0.6406284
21751,0.42516938
21752,0.43503326
21753,0.53898066
21754,0.9129238
21755,0.473699
21756,0.62804306
21757,0.5532785
21758,0.45076662
21759,0.5218285
21760,0.47099113
21761,0.5903702
21762,0.5542999
21763,0.5627589
21764,0.40106183
21765,0.62118787
21766,0.43245646
21767,0.53363866
21768,0.4425122
21769,0.72889423
21770,0.47483727
21771,0.5117628
21772,0.569615
21773,0.5585568
21774,0.5074728
21775,0.37912762
21776,0.584965
21777,0.5524534
21778,0.5400736
21779,0.45065573
21780,0.5276221
21781,0.47315967
21782,0.5207279
21783,0.47408733
21784,0.5174856
21785,0.5689198
21786,0.5640814
21787,0.5440949
21788,0.6404531
21789,0.67369574
21790,0.49953657
21791,0.43986467
21792,0.5478165
21793,0.6527472
21794,0.45924824
21795,0.5780693
21796,0.5651711
21797,0.43052548
21798,0.42221275
21799,0.46960455
21800,0.5251056
21801,0.72720397
21802,0.47842008
21803,0.5524981
21804,0.5248586
21805,0.5682153
21806,0.45914114
21807,0.5290161
21808,0.5290672
21809,0.42371812
21810,0.58638424
21811,0.48517293
21812,0.53222597
21813,0.56445014
21814,0.5539554
21815,0.44295898
21816,0.47521785
21817,0.6085577
21818,0.46789205
21819,0.56262195
21820,0.56753767
21821,0.5347381
21822,0.7848024
21823,0.66220236
21824,0.519387
21825,0.47322533
21826,0.47549653
21827,0.5356359
21828,0.47339514
21829,0.5390623
21830,0.47148037
21831,0.49528083
21832,0.6620308
21833,0.546168
21834,0.43436638
21835,0.4682662
21836,0.5515383
21837,0.4084593
21838,0.47381163
21839,0.45750365
21840,0.48121417
21841,0.4364944
21842,0.46251333
21843,0.5747569
21844,0.5668267
21845,0.43994862
21846,0.6593233
21847,0.5592654
21848,0.6902734
21849,0.48287472
21850,0.40297383
21851,0.7226001
21852,0.63760316
21853,0.4646117
21854,0.44462177
21855,0.5443724
21856,0.54245585
21857,0.578112
21858,0.4695995
21859,0.47549462
21860,0.47400534
21861,0.5373658
21862,0.5527125
21863,0.5132541
21864,0.46320236
21865,0.39826554
21866,0.5209186
21867,0.54741
21868,0.6161878
21869,0.4694933
21870,0.5997399
21871,0.657543
21872,0.4900531
21873,0.5868639
21874,0.39332208
21875,0.46895987
21876,0.4746695
21877,0.5411193
21878,0.5644287
21879,0.3893125
21880,0.5014173
21881,0.4624683
21882,0.69373
21883,0.55027306
21884,0.5662822
21885,0.59888965
21886,0.4302503
21887,0.53255004
21888,0.6759401
21889,0.4708866
21890,0.57132757
21891,0.5357927
21892,0.5321225
21893,0.60975945
21894,0.42212462
21895,0.6018058
21896,0.5881806
21897,0.47640586
21898,0.54977363
21899,0.52540135
21900,0.576125
21901,0.4786021
21902,0.49067676
21903,0.42835805
21904,0.455541
21905,0.46826455
21906,0.57985
21907,0.92539847
21908,0.47840202
21909,0.55423486
21910,0.5196964
21911,0.50092614
21912,0.53398657
21913,0.55654365
21914,0.43214327
21915,0.46472993
21916,0.5384998
21917,0.5402496
21918,0.5511792
21919,0.4722646
21920,0.38536417
21921,0.57765055
21922,0.47775233
21923,0.5295076
21924,0.5555876
21925,0.52639645
21926,0.56321263
21927,0.49586567
21928,0.49532443
21929,0.48901486
21930,0.46962062
21931,0.4521909
21932,0.71304727
21933,0.56340766
21934,0.62502104
21935,0.54191977
21936,0.5358992
21937,0.5361252
21938,0.47624186
21939,0.5341864
21940,0.42531377
21941,0.4658682
21942,0.41758418
21943,0.58627194
21944,0.56044513
21945,0.55024606
21946,0.4723832
21947,0.40330115
21948,0.47877416
21949,0.70175
21950,0.5541358
21951,0.58978105
21952,0.4229716
21953,0.62780595
21954,0.53814673
21955,0.54991615
21956,0.64118415
21957,0.6599771
21958,0.5451751
21959,0.5285841
21960,0.4670298
21961,0.5617048
21962,0.5119893
21963,0.5458585
21964,0.59945935
21965,0.58040625
21966,0.7972691
21967,0.60813487
21968,0.47638047
21969,0.66498506
21970,0.5544703
21971,0.65648353
21972,0.40405843
21973,0.5658815
21974,0.45783514
21975,0.51098347
21976,0.56979114
21977,0.5273871
21978,0.56078565
21979,0.524332
21980,0.61565804
21981,0.5062757
21982,0.65322983
21983,0.40664953
21984,0.45545825
21985,0.52809864
21986,0.56084776
21987,0.4605593
21988,0.52909344
21989,0.4669183
21990,0.56566626
21991,0.5299544
21992,0.50585634
21993,0.63522613
21994,0.45663124
21995,0.45882598
21996,0.46525294
21997,0.53066236
21998,0.55883217
21999,0.5202458
22000,0.5140641
22001,0.38475063
22002,0.47548482
22003,0.51547074
22004,0.4732312
22005,0.51575863
22006,0.47444752
22007,0.52716446
22008,0.55221236
22009,0.62623024
22010,0.44738454
22011,0.58310515
22012,0.6062702
22013,0.5672105
22014,0.5405728
22015,0.46841663
22016,0.5487237
22017,0.52077985
22018,0.46326086
22019,0.489316
22020,0.57370013
22021,0.5316236
22022,0.43165034
22023,0.48059142
22024,0.47264603
22025,0.4663959
22026,0.4655273
22027,0.45364252
22028,0.43553016
22029,0.44393718
22030,0.65980387
22031,0.54031634
22032,0.55102974
22033,0.55427486
22034,0.5607971
22035,0.3984175
22036,0.5411392
22037,0.45376563
22038,0.5821256
22039,0.5636809
22040,0.4848832
22041,0.5429087
22042,0.58367455
22043,0.477451
22044,0.65602267
22045,0.5552064
22046,0.56035966
22047,0.48857334
22048,0.47592312
22049,0.5491112
22050,0.43331456
22051,0.5426266
22052,0.49159637
22053,0.47320578
22054,0.53584236
22055,0.57292426
22056,0.4318378
22057,0.597961
22058,0.6095555
22059,0.5438471
22060,0.5278935
22061,0.58365583
22062,0.89233214
22063,0.6977572
22064,0.55530155
22065,0.56159055
22066,0.52639425
22067,0.4429133
22068,0.45666692
22069,0.5367242
22070,0.5662946
22071,0.47706124
22072,0.6055926
22073,0.4005971
22074,0.558802
22075,0.5284692
22076,0.4608929
22077,0.5443824
22078,0.47039422
22079,0.4829743
22080,0.40864486
22081,0.537832
22082,0.49128854
22083,0.5913704
22084,0.394506
22085,0.43549493
22086,0.69231826
22087,0.4784739
22088,0.4944014
22089,0.56839675
22090,0.46040145
22091,0.52805793
22092,0.57079923
22093,0.46924523
22094,0.5670364
22095,0.40155852
22096,0.472019
22097,0.47316188
22098,0.6012193
22099,0.555701
22100,0.53692335
22101,0.45454657
22102,0.47260556
22103,0.55987954
22104,0.59533036
22105,0.4547871
22106,0.56440926
22107,0.55124986
22108,0.42085078
22109,0.5780585
22110,0.58899707
22111,0.40859005
22112,0.4600077
22113,0.56740886
22114,0.557696
22115,0.55834615
22116,0.43455124
22117,0.4642618
22118,0.4746148
22119,0.5801897
22120,0.63450354
22121,0.41251874
22122,0.48983213
22123,0.5648543
22124,0.5093367
22125,0.5954058
22126,0.48109943
22127,0.42404163
22128,0.43846968
22129,0.5387088
22130,0.45200208
22131,0.5511575
22132,0.51058954
22133,0.5330204
22134,0.41499132
22135,0.5502784
22136,0.5423262
22137,0.6552711
22138,0.5742098
22139,0.41690946
22140,0.6143031
22141,0.56143486
22142,0.47148868
22143,0.43206793
22144,0.486306
22145,0.44771633
22146,0.60204387
22147,0.5575993
22148,0.547137
22149,0.5919643
22150,0.5488804
22151,0.482474
22152,0.5474813
22153,0.5380786
22154,0.50082415
22155,0.567765
22156,0.57424355
22157,0.60200524
22158,0.5349151
22159,0.572213
22160,0.4763115
22161,0.54675925
22162,0.49203122
22163,0.47311747
22164,0.5350472
22165,0.43694904
22166,0.47290322
22167,0.4758853
22168,0.49786592
22169,0.6750864
22170,0.48775414
22171,0.4656636
22172,0.55621755
22173,0.4585874
22174,0.40863776
22175,0.47703096
22176,0.6016832
22177,0.57227343
22178,0.54886127
22179,0.6788495
22180,0.5302711
22181,0.6217392
22182,0.5584208
22183,0.5741408
22184,0.4784386
22185,0.5037534
22186,0.5004339
22187,0.44137213
22188,0.5747675
22189,0.524211
22190,0.53667605
22191,0.5598338
22192,0.747346
22193,0.69187003
22194,0.50343394
22195,0.4388061
22196,0.41431147
22197,0.57789826
22198,0.57627714
22199,0.5223977
22200,0.57195634
22201,0.44261116
22202,0.54002565
22203,0.50407207
22204,0.4368236
22205,0.46143553
22206,0.3901677
22207,0.5327018
22208,0.5464724
22209,0.53522104
22210,0.5477008
22211,0.52639574
22212,0.44310772
22213,0.5499555
22214,0.51324755
22215,0.533899
22216,0.5612578
22217,0.53634655
22218,0.5882574
22219,0.54117024
22220,0.4811153
22221,0.56201863
22222,0.4714969
22223,0.4965154
22224,0.56998265
22225,0.47133645
22226,0.4283496
22227,0.4879908
22228,0.57415795
22229,0.44476038
22230,0.49193975
22231,0.57932216
22232,0.52052116
22233,0.9702739
22234,0.6497508
22235,0.40480864
22236,0.44790474
22237,0.46802142
22238,0.5414423
22239,0.6438193
22240,0.559179
22241,0.47810248
22242,0.52935195
22243,0.45358264
22244,0.5116169
22245,0.5282819
22246,0.538968
22247,0.54038084
22248,0.5355671
22249,0.54377633
22250,0.69303817
22251,0.52549195
22252,0.53250885
22253,0.59865105
22254,0.5741516
22255,0.41843334
22256,0.4677408
22257,0.4771752
22258,0.5657216
22259,0.56584483
22260,0.5390526
22261,0.4622675
22262,0.6417491
22263,0.51741374
22264,0.45812163
22265,0.55823135
22266,0.46913818
22267,0.46891925
22268,0.631837
22269,0.696503
22270,0.57785374
22271,0.5262417
22272,0.49484083
22273,0.5828424
22274,0.5290608
22275,0.5483819
22276,0.46740866
22277,0.72764844
22278,0.55053186
22279,0.6328719
22280,0.5688172
22281,0.5927235
22282,0.41203505
22283,0.64872414
22284,0.5667723
22285,0.5100758
22286,0.51806206
22287,0.4598221
22288,0.5012826
22289,0.577592
22290,0.4706309
22291,0.4314759
22292,0.53633934
22293,0.5416361
22294,0.47406238
22295,0.5178078
22296,0.41165859
22297,0.47138438
22298,0.565805
22299,0.5622058
22300,0.51425314
22301,0.5027318
22302,0.56987405
22303,0.51837593
22304,0.87081623
22305,0.41198686
22306,0.5500588
22307,0.5581668
22308,0.55108684
22309,0.46804738
22310,0.40110123
22311,0.5618047
22312,0.5517646
22313,0.6680278
22314,0.5520618
22315,0.48396966
22316,0.54725975
22317,0.5021546
22318,0.5036785
22319,0.42075342
22320,0.47551924
22321,0.4703589
22322,0.5059334
22323,0.45285854
22324,0.5323598
22325,0.55552375
22326,0.4662857
22327,0.6401997
22328,0.44641864
22329,0.41351947
22330,0.6145285
22331,0.6923165
22332,0.6825755
22333,0.56978124
22334,0.47628406
22335,0.6042062
22336,0.6702279
22337,0.42710117
22338,0.6227375
22339,0.80558366
22340,0.5266599
22341,0.60683715
22342,0.6024191
22343,0.45362157
22344,0.5599762
22345,0.5960647
22346,0.55280274
22347,0.47288877
22348,0.5727723
22349,0.496808
22350,0.48208463
22351,0.6488563
22352,0.53809875
22353,0.5744976
22354,0.43148878
22355,0.47250193
22356,0.5660577
22357,0.6588578
22358,0.6602887
22359,0.46760243
22360,0.47510272
22361,0.42415377
22362,0.5842237
22363,0.45150602
22364,0.5249527
22365,0.56674963
22366,0.53941345
22367,0.46873832
22368,0.5851739
22369,0.5511486
22370,0.46315566
22371,0.6937345
22372,0.58055645
22373,0.53667104
22374,0.59196115
22375,0.52773654
22376,0.5178288
22377,0.55704385
22378,0.45496398
22379,0.79716456
22380,0.47035322
22381,0.49180105
22382,0.41041553
22383,0.44604763
22384,0.6318444
22385,0.52532893
22386,0.689731
22387,0.559165
22388,0.4091624
22389,0.51454294
22390,0.47159576
22391,0.53958285
22392,0.6297497
22393,0.44649705
22394,0.46044463
22395,0.5248868
22396,0.49815005
22397,0.56430763
22398,0.51951706
22399,0.5191918
22400,0.44084424
22401,0.51364803
22402,0.5449206
22403,0.5401666
22404,0.42292428
22405,0.5390898
22406,0.4712425
22407,0.59176916
22408,0.4703252
22409,0.70770025
22410,0.5353296
22411,0.46053988
22412,0.41342065
22413,0.481915
22414,0.5620261
22415,0.45072117
22416,0.50871
22417,0.4603084
22418,0.48282087
22419,0.43641794
22420,0.4532895
22421,0.46766984
22422,0.59620684
22423,0.41045436
22424,0.48719186
22425,0.54735893
22426,0.4671432
22427,0.457499
22428,0.48667133
22429,0.5868269
22430,0.50614387
22431,0.4542813
22432,0.5892664
22433,0.5266485
22434,0.75097656
22435,0.4465201
22436,0.73317575
22437,0.6668107
22438,0.5437445
22439,0.5681288
22440,0.62245685
22441,0.5697934
22442,0.605265
22443,0.57115644
22444,0.83467627
22445,0.45032752
22446,0.6048374
22447,0.54952544
22448,0.5911751
22449,0.52107894
22450,0.73784345
22451,0.5477206
22452,0.44179022
22453,0.53343195
22454,0.5530451
22455,0.53566283
22456,0.6290962
22457,0.44518536
22458,0.80343425
22459,0.79564697
22460,0.54363453
22461,0.5095286
22462,0.45795915
22463,0.55686766
22464,0.44476724
22465,0.58776104
22466,0.5633234
22467,0.45846623
22468,0.42325526
22469,0.58658546
22470,0.5523088
22471,0.39280623
22472,0.48104674
22473,0.46614105
22474,0.50267667
22475,0.57743967
22476,0.61202896
22477,0.47237104
22478,0.5512011
22479,0.48452953
22480,0.56156176
22481,0.46690288
22482,0.49303973
22483,0.5375922
22484,0.57508254
22485,0.56162196
22486,0.42147374
22487,0.5390379
22488,0.3887923
22489,0.54134923
22490,0.6398969
22491,0.56914324
22492,0.60433316
22493,0.5684214
22494,0.47543314
22495,0.47676045
22496,0.6699069
22497,0.47532472
22498,0.489707
22499,0.5313309
22500,0.55922604
22501,0.44162637
22502,0.5344959
22503,0.44860557
22504,0.5184678
22505,0.42793426
22506,0.64685255
22507,0.38725606
22508,0.6290674
22509,0.5142697
22510,0.5417261
22511,0.46861196
22512,0.99978197
22513,0.5586377
22514,0.5677349
22515,0.5351946
22516,0.53745884
22517,0.55461216
22518,0.4444407
22519,0.5778772
22520,0.4419392
22521,0.5481287
22522,0.55483246
22523,0.47126967
22524,0.5668141
22525,0.45212045
22526,0.48990375
22527,0.5703831
22528,0.5678513
22529,0.45193496
22530,0.7493933
22531,0.4904397
22532,0.47044566
22533,0.5544997
22534,0.5178368
22535,0.5709115
22536,0.4044434
22537,0.4874272
22538,0.81517273
22539,0.5351148
22540,0.46117413
22541,0.5866272
22542,0.41447058
22543,0.4609931
22544,0.5648798
22545,0.46567035
22546,0.5435222
22547,0.43795666
22548,0.57565045
22549,0.45150292
22550,0.48493785
22551,0.6538711
22552,0.5557369
22553,0.46826124
22554,0.47497764
22555,0.55656284
22556,0.47847283
22557,0.4698598
22558,0.43214992
22559,0.4414698
22560,0.59608114
22561,0.45644158
22562,0.56400096
22563,0.4663714
22564,0.51411307
22565,0.44447333
22566,0.5144359
22567,0.44323918
22568,0.4333114
22569,0.56572473
22570,0.5967528
22571,0.547573
22572,0.5691337
22573,0.55367607
22574,0.5748134
22575,0.6342568
22576,0.54345953
22577,0.5204993
22578,0.64652497
22579,0.5561516
22580,0.5941741
22581,0.5157074
22582,0.47394553
22583,0.5513455
22584,0.52345854
22585,0.44561723
22586,0.5374117
22587,0.5403168
22588,0.472874
22589,0.5896798
22590,0.5789949
22591,0.5028446
22592,0.5125969
22593,0.4503035
22594,0.6025033
22595,0.39594176
22596,0.5502388
22597,0.513058
22598,0.40968806
22599,0.5962838
22600,0.6094598
22601,0.5736044
22602,0.5736474
22603,0.46641305
22604,0.48315254
22605,0.5163897
22606,0.61996686
22607,0.4413644
22608,0.59874624
22609,0.5484585
22610,0.56476
22611,0.5474044
22612,0.45057413
22613,0.4299509
22614,0.46023455
22615,0.5637396
22616,0.4670856
22617,0.5629734
22618,0.4160002
22619,0.5545671
22620,0.59653044
22621,0.5274014
22622,0.53652036
22623,0.44865575
22624,0.55438817
22625,0.6557585
22626,0.5210892
22627,0.5762838
22628,0.6786269
22629,0.4019807
22630,0.43082914
22631,0.48036125
22632,0.54951227
22633,0.55185646
22634,0.41650024
22635,0.5739981
22636,0.7744541
22637,0.63490474
22638,0.49398276
22639,0.47425637
22640,0.57159895
22641,0.4540234
22642,0.5643507
22643,0.453493
22644,0.52372587
22645,0.42086416
22646,0.46300128
22647,0.43562254
22648,0.4100489
22649,0.46878773
22650,0.5604348
22651,0.5432496
22652,0.5374205
22653,0.5539084
22654,0.5358401
22655,0.4369401
22656,0.5179601
22657,0.3917987
22658,0.51656115
22659,0.5044924
22660,0.4261943
22661,0.5460726
22662,0.54080606
22663,0.5689883
22664,0.51192296
22665,0.8254081
22666,0.5076761
22667,0.5827482
22668,0.5735325
22669,0.5160135
22670,0.5190105
22671,0.50534964
22672,0.4284057
22673,0.4900404
22674,0.45868817
22675,0.6044864
22676,0.46725583
22677,0.45592123
22678,0.44198847
22679,0.5601461
22680,0.5168399
22681,0.53038126
22682,0.5096968
22683,0.3937865
22684,0.5272945
22685,0.5784028
22686,0.5526352
22687,0.48658472
22688,0.54782456
22689,0.47831205
22690,0.535061
22691,0.665349
22692,0.56421435
22693,0.5610164
22694,0.46377066
22695,0.5508369
22696,0.46810684
22697,0.6188119
22698,0.55858403
22699,0.45054838
22700,0.4281305
22701,0.5177145
22702,0.56878984
22703,0.4957543
22704,0.538433
22705,0.52952754
22706,0.46901956
22707,0.45009387
22708,0.547588
22709,0.5541426
22710,0.5724964
22711,0.5448473
22712,0.46547982
22713,0.5723942
22714,0.55322003
22715,0.60679424
22716,0.5471045
22717,0.53019816
22718,0.5753888
22719,0.4566004
22720,0.56411767
22721,0.4633683
22722,0.44139907
22723,0.46822837
22724,0.4244765
22725,0.5350528
22726,0.45158577
22727,0.4063182
22728,0.5776937
22729,0.49248493
22730,0.47116172
22731,0.45656192
22732,0.5735612
22733,0.4890425
22734,0.60623705
22735,0.43804902
22736,0.55822635
22737,0.5926593
22738,0.4963424
22739,0.55100614
22740,0.53512037
22741,0.72234225
22742,0.6126568
22743,0.4493902
22744,0.50569457
22745,0.48080128
22746,0.54264176
22747,0.41152006
22748,0.46600842
22749,0.5144199
22750,0.53388876
22751,0.50029004
22752,0.5203862
22753,0.62411684
22754,0.5445336
22755,0.45350462
22756,0.5416614
22757,0.45843497
22758,0.46298647
22759,0.50544053
22760,0.49340644
22761,0.45260406
22762,0.44130814
22763,0.6188725
22764,0.5068368
22765,0.59904563
22766,0.44644678
22767,0.47904295
22768,0.43553215
22769,0.58400714
22770,0.55267733
22771,0.41672075
22772,0.55406237
22773,0.59808683
22774,0.49229395
22775,0.46900803
22776,0.40354735
22777,0.47219986
22778,0.45242357
22779,0.5042357
22780,0.46732947
22781,0.4950629
22782,0.5288197
22783,0.5542666
22784,0.516839
22785,0.45834377
22786,0.4609526
22787,0.5379943
22788,0.42549556
22789,0.5101781
22790,0.4296602
22791,0.5486675
22792,0.46003544
22793,0.582541
22794,0.44172126
22795,0.4372995
22796,0.5710366
22797,0.5190855
22798,0.48720434
22799,0.57897735
22800,0.4475994
22801,0.45236668
22802,0.55208737
22803,0.5493112
22804,0.46992823
22805,0.47046024
22806,0.5538727
22807,0.46196607
22808,0.5461485
22809,0.53396463
22810,0.4642256
22811,0.56324244
22812,0.6394778
22813,0.4281686
22814,0.54819614
22815,0.53898656
22816,0.67117786
22817,0.5479721
22818,0.5592264
22819,0.5287217
22820,0.56954575
22821,0.46603134
22822,0.6219707
22823,0.43731248
22824,0.6090429
22825,0.46165612
22826,0.6451874
22827,0.447172
22828,0.5007677
22829,0.4239751
22830,0.412322
22831,0.91789097
22832,0.49643147
22833,0.5612401
22834,0.59189355
22835,0.57935965
22836,0.4704349
22837,0.44977185
22838,0.55819625
22839,0.5545549
22840,0.59103394
22841,0.53385293
22842,0.4291528
22843,0.5357152
22844,0.4877456
22845,0.6562661
22846,0.47330543
22847,0.6085177
22848,0.48709148
22849,0.5162985
22850,0.44519573
22851,0.4748056
22852,0.46888527
22853,0.45566243
22854,0.41818094
22855,0.5472866
22856,0.44967937
22857,0.5720794
22858,0.6175375
22859,0.58297306
22860,0.56589556
22861,0.55779487
22862,0.4975864
22863,0.5656207
22864,0.4191082
22865,0.41239506
22866,0.5461735
22867,0.4691459
22868,0.5470027
22869,0.524812
22870,0.60542744
22871,0.53015935
22872,0.4646615
22873,0.543012
22874,0.81357276
22875,0.52728176
22876,0.4988565
22877,0.47286564
22878,0.4669082
22879,0.7683902
22880,0.5585268
22881,0.44874573
22882,0.46205148
22883,0.44289953
22884,0.41568193
22885,0.5822265
22886,0.61275285
22887,0.4383481
22888,0.4769396
22889,0.4641945
22890,0.5650026
22891,0.5610653
22892,0.46004003
22893,0.4484817
22894,0.4708631
22895,0.55287343
22896,0.47362408
22897,0.47991517
22898,0.46531838
22899,0.44583777
22900,0.5515675
22901,0.63594
22902,0.39992574
22903,0.5020995
22904,0.5372293
22905,0.47542137
22906,0.5783621
22907,0.5443865
22908,0.6093451
22909,0.46411014
22910,0.5514234
22911,0.69174004
22912,0.5725065
22913,0.55771124
22914,0.5416683
22915,0.4058115
22916,0.6406601
22917,0.47001958
22918,0.4743913
22919,0.47938076
22920,0.5642899
22921,0.6478714
22922,0.39199468
22923,0.47778705
22924,0.5594232
22925,0.45704097
22926,0.44373816
22927,0.46713063
22928,0.4762707
22929,0.5159638
22930,0.60553926
22931,0.41554055
22932,0.66907245
22933,0.58651865
22934,0.51394135
22935,0.4463045
22936,0.49099687
22937,0.4983051
22938,0.42965606
22939,0.6548182
22940,0.4441056
22941,0.5477388
22942,0.5610668
22943,0.55770385
22944,0.50267607
22945,0.5703495
22946,0.55519235
22947,0.5709513
22948,0.531775
22949,0.5572569
22950,0.47518378
22951,0.59450954
22952,0.57429045
22953,0.39810544
22954,0.48089907
22955,0.4549142
22956,0.4669565
22957,0.41864777
22958,0.44275105
22959,0.44101697
22960,0.5286971
22961,0.5180401
22962,0.70818484
22963,0.42397085
22964,0.5496718
22965,0.48311427
22966,0.50090027
22967,0.56507707
22968,0.46111652
22969,0.42907697
22970,0.46806544
22971,0.46008795
22972,0.49986818
22973,0.39962855
22974,0.54441714
22975,0.4571828
22976,0.4584888
22977,0.5710472
22978,0.5376109
22979,0.4897914
22980,0.45023894
22981,0.5386428
22982,0.4419669
22983,0.58107924
22984,0.384238
22985,0.4791764
22986,0.5394506
22987,0.5459423
22988,0.47440916
22989,0.52976936
22990,0.4493988
22991,0.46352914
22992,0.57149816
22993,0.49413896
22994,0.54680985
22995,0.5271769
22996,0.56866425
22997,0.54236627
22998,0.5299884
22999,0.414325
23000,0.5407422
23001,0.47702274
23002,0.5488506
23003,0.5280725
23004,0.47465053
23005,0.477583
23006,0.61001325
23007,0.5846128
23008,0.56647366
23009,0.51933557
23010,0.57693124
23011,0.58185726
23012,0.46992603
23013,0.51467806
23014,0.50418913
23015,0.47053772
23016,0.7330211
23017,0.42214873
23018,0.51009506
23019,0.5669754
23020,0.5342982
23021,0.5497957
23022,0.5271688
23023,0.47472733
23024,0.92777693
23025,0.40796828
23026,0.414568
23027,0.44953266
23028,0.4938833
23029,0.5461538
23030,0.52991897
23031,0.47607112
23032,0.46016675
23033,0.50963545
23034,0.62496656
23035,0.41446522
23036,0.5514071
23037,0.5285019
23038,0.55474555
23039,0.7664968
23040,0.56936276
23041,0.47263056
23042,0.54929256
23043,0.5571971
23044,0.5709157
23045,0.56798005
23046,0.4116984
23047,0.55996907
23048,0.57217884
23049,0.43134043
23050,0.5863321
23051,0.50031024
23052,0.45363325
23053,0.54935676
23054,0.42222515
23055,0.5929257
23056,0.64266306
23057,0.4709369
23058,0.5255654
23059,0.40690982
23060,0.58604723
23061,0.47822618
23062,0.5313438
23063,0.5687368
23064,0.38191104
23065,0.3836725
23066,0.544771
23067,0.44953817
23068,0.55910194
23069,0.54643655
23070,0.5486569
23071,0.416328
23072,0.5095122
23073,0.5436059
23074,0.56583786
23075,0.5350743
23076,0.47799277
23077,0.52734685
23078,0.44760668
23079,0.55509204
23080,0.462667
23081,0.46695542
23082,0.5145576
23083,0.46408358
23084,0.45612165
23085,0.54357934
23086,0.6441213
23087,0.56474686
23088,0.57524604
23089,0.5418606
23090,0.5442845
23091,0.53994435
23092,0.5472598
23093,0.5439698
23094,0.56987524
23095,0.5526921
23096,0.56536233
23097,0.47357154
23098,0.42154127
23099,0.42853233
23100,0.4545316
23101,0.52923095
23102,0.5974158
23103,0.5655143
23104,0.5538791
23105,0.69309413
23106,0.488848
23107,0.5706979
23108,0.4674842
23109,0.54159766
23110,0.5881501
23111,0.47132438
23112,0.5488392
23113,0.6081602
23114,0.4550067
23115,0.79476595
23116,0.43635535
23117,0.56135285
23118,0.41661805
23119,0.6854596
23120,0.5565422
23121,0.4993092
23122,0.5606836
23123,0.49225375
23124,0.5700976
23125,0.56536114
23126,0.5938951
23127,0.61043507
23128,0.5305743
23129,0.55094093
23130,0.41946462
23131,0.5307714
23132,0.5059425
23133,0.5426477
23134,0.5184977
23135,0.5587965
23136,0.4460796
23137,0.54325163
23138,0.57115376
23139,0.55534196
23140,0.5009823
23141,0.54511976
23142,0.5384654
23143,0.43877414
23144,0.4864669
23145,0.51124007
23146,0.56340414
23147,0.62135327
23148,0.6517595
23149,0.517254
23150,0.542647
23151,0.46089533
23152,0.54874533
23153,0.4011376
23154,0.46496347
23155,0.45114738
23156,0.54791784
23157,0.5744878
23158,0.5324564
23159,0.5528816
23160,0.4936365
23161,0.5471103
23162,0.54870176
23163,0.57777476
23164,0.5245487
23165,0.6433341
23166,0.62340254
23167,0.5961206
23168,0.528575
23169,0.5533289
23170,0.40786478
23171,0.62083185
23172,0.500185
23173,0.47445095
23174,0.468322
23175,0.42964265
23176,0.55925864
23177,0.62311536
23178,0.5185363
23179,0.44824383
23180,0.5447493
23181,0.5269481
23182,0.5260091
23183,0.6320009
23184,0.4337543
23185,0.5668754
23186,0.54936826
23187,0.5693687
23188,0.6511957
23189,0.54317933
23190,0.47933325
23191,0.5370196
23192,0.6297583
23193,0.55187535
23194,0.41348132
23195,0.528087
23196,0.5365778
23197,0.50184023
23198,0.5721045
23199,0.5407303
23200,0.4674735
23201,0.4729786
23202,0.5372025
23203,0.46191922
23204,0.64071155
23205,0.4972864
23206,0.5016891
23207,0.572213
23208,0.45572218
23209,0.4437552
23210,0.5224028
23211,0.548537
23212,0.60078496
23213,0.46827513
23214,0.5297402
23215,0.41401947
23216,0.5427072
23217,0.43140754
23218,0.44152284
23219,0.47410893
23220,0.6061021
23221,0.5653084
23222,0.44482517
23223,0.431091
23224,0.5782706
23225,0.46310228
23226,0.47376615
23227,0.50721407
23228,0.5378875
23229,0.48182446
23230,0.53135645
23231,0.47432783
23232,0.57173157
23233,0.43767813
23234,0.408254
23235,0.44374123
23236,0.5241576
23237,0.4848571
23238,0.5673823
23239,0.4100627
23240,0.58168423
23241,0.606263
23242,0.4978696
23243,0.5569256
23244,0.6271348
23245,0.5741945
23246,0.42198926
23247,0.41665626
23248,0.5267956
23249,0.49536318
23250,0.5150011
23251,0.52810746
23252,0.5533375
23253,0.37739307
23254,0.53575253
23255,0.5646803
23256,0.5824859
23257,0.4505828
23258,0.54924566
23259,0.56472635
23260,0.5065506
23261,0.5938422
23262,0.513409
23263,0.6578943
23264,0.4640282
23265,0.4366974
23266,0.573423
23267,0.5564393
23268,0.56758887
23269,0.54306704
23270,0.44505876
23271,0.555311
23272,0.58808935
23273,0.54008156
23274,0.48676917
23275,0.39589518
23276,0.4377946
23277,0.56684446
23278,0.55351055
23279,0.4451153
23280,0.43451846
23281,0.5668338
23282,0.5393044
23283,0.5735459
23284,0.56086576
23285,0.43903932
23286,0.5227145
23287,0.5749006
23288,0.54339784
23289,0.57259023
23290,0.5568891
23291,0.5644813
23292,0.49847507
23293,0.5650872
23294,0.7121121
23295,0.5322372
23296,0.6109721
23297,0.5640556
23298,0.60045904
23299,0.5308762
23300,0.5078257
23301,0.6898807
23302,0.63900924
23303,0.5384736
23304,0.48779625
23305,0.39329165
23306,0.5887642
23307,0.49838185
23308,0.4181684
23309,0.55915433
23310,0.4978471
23311,0.49692985
23312,0.47522134
23313,0.57854563
23314,0.6284395
23315,0.56534046
23316,0.5050163
23317,0.48400718
23318,0.47227108
23319,0.5282912
23320,0.46528852
23321,0.5445938
23322,0.5739691
23323,0.47979224
23324,0.60209906
23325,0.5104539
23326,0.571577
23327,0.5359304
23328,0.57104146
23329,0.8825623
23330,0.5338443
23331,0.48753116
23332,0.51255345
23333,0.5772247
23334,0.5789525
23335,0.5528211
23336,0.48324075
23337,0.5272405
23338,0.6271805
23339,0.41946828
23340,0.47006208
23341,0.5746417
23342,0.55224127
23343,0.40590972
23344,0.5447284
23345,0.58941346
23346,0.53372705
23347,0.5106614
23348,0.5508895
23349,0.54737157
23350,0.5199191
23351,0.46281105
23352,0.5651721
23353,0.5676857
23354,0.550597
23355,0.4599665
23356,0.54514444
23357,0.46177036
23358,0.43466473
23359,0.50754786
23360,0.80519605
23361,0.42450416
23362,0.60419273
23363,0.5616591
23364,0.43917975
23365,0.5420894
23366,0.48256662
23367,0.48750722
23368,0.47832853
23369,0.54769695
23370,0.58207667
23371,0.5451479
23372,0.54293674
23373,0.4461908
23374,0.47053862
23375,0.62043667
23376,0.6160892
23377,0.5862763
23378,0.40356565
23379,0.5458978
23380,0.47360542
23381,0.5804207
23382,0.67998946
23383,0.536793
23384,0.7381439
23385,0.4083804
23386,0.6395645
23387,0.59138423
23388,0.55254346
23389,0.5528166
23390,0.576075
23391,0.5405015
23392,0.48391163
23393,0.49005416
23394,0.443984
23395,0.5856845
23396,0.52483034
23397,0.5439474
23398,0.5008348
23399,0.633965
23400,0.4477067
23401,0.42142713
23402,0.5445522
23403,0.65240514
23404,0.43472242
23405,0.45633504
23406,0.5670912
23407,0.42985004
23408,0.47007376
23409,0.5719919
23410,0.4682112
23411,0.5519699
23412,0.47024062
23413,0.47653967
23414,0.600918
23415,0.6247395
23416,0.6346084
23417,0.47071075
23418,0.43252864
23419,0.5696746
23420,0.5855914
23421,0.5412501
23422,0.5334098
23423,0.5894337
23424,0.4341975
23425,0.5761446
23426,0.46678895
23427,0.582299
23428,0.54530305
23429,0.4736016
23430,0.79742396
23431,0.45056158
23432,0.47076178
23433,0.46076185
23434,0.51918817
23435,0.4577332
23436,0.40010905
23437,0.4086321
23438,0.44741595
23439,0.5508175
23440,0.5526447
23441,0.44201848
23442,0.5586789
23443,0.46040422
23444,0.43590248
23445,0.56193155
23446,0.5409679
23447,0.38829833
23448,0.4134711
23449,0.5594512
23450,0.46832013
23451,0.52777135
23452,0.56661785
23453,0.48277926
23454,0.56170976
23455,0.3966611
23456,0.54211396
23457,0.45301867
23458,0.4165303
23459,0.57259214
23460,0.5640151
23461,0.5644725
23462,0.41888642
23463,0.6047442
23464,0.5773396
23465,0.5826398
23466,0.44401744
23467,0.5341251
23468,0.7001091
23469,0.50321496
23470,0.5768642
23471,0.48025978
23472,0.4323912
23473,0.5506969
23474,0.63487476
23475,0.5886153
23476,0.5261246
23477,0.5459295
23478,0.44874334
23479,0.54654276
23480,0.46782038
23481,0.431461
23482,0.43642688
23483,0.47241828
23484,0.6086188
23485,0.51965755
23486,0.5547426
23487,0.46938708
23488,0.47914228
23489,0.5388713
23490,0.45636737
23491,0.5361302
23492,0.4229065
23493,0.43587807
23494,0.44439647
23495,0.46109456
23496,0.39759415
23497,0.52818793
23498,0.40582845
23499,0.6084479
23500,0.43130744
23501,0.46474186
23502,0.53802186
23503,0.5548916
23504,0.4266976
23505,0.66677415
23506,0.47322458
23507,0.4708128
23508,0.49968734
23509,0.57284874
23510,0.4493209
23511,0.39940602
23512,0.4277228
23513,0.53098834
23514,0.5223907
23515,0.661193
23516,0.475637
23517,0.4289958
23518,0.4130695
23519,0.5051561
23520,0.42857394
23521,0.535001
23522,0.48143876
23523,0.4703947
23524,0.5525421
23525,0.5495739
23526,0.5675307
23527,0.48172095
23528,0.47400114
23529,0.5836886
23530,0.6011919
23531,0.52893
23532,0.53859824
23533,0.5627124
23534,0.4810136
23535,0.4533191
23536,0.52447987
23537,0.61943805
23538,0.47223312
23539,0.55342066
23540,0.42736572
23541,0.45361403
23542,0.5739362
23543,0.41833606
23544,0.5217195
23545,0.57302165
23546,0.5319377
23547,0.54860324
23548,0.46979156
23549,0.46997908
23550,0.54491705
23551,0.44413283
23552,0.4914991
23553,0.5529954
23554,0.43115819
23555,0.61547977
23556,0.44732636
23557,0.78958976
23558,0.44758722
23559,0.47197723
23560,0.544414
23561,0.60285497
23562,0.51156354
23563,0.56052804
23564,0.57967263
23565,0.57710874
23566,0.44282836
23567,0.529365
23568,0.4860263
23569,0.43708444
23570,0.5180688
23571,0.45883182
23572,0.6300002
23573,0.5484846
23574,0.5417721
23575,0.6535896
23576,0.5314455
23577,0.54023373
23578,0.5518542
23579,0.5547468
23580,0.5315341
23581,0.5661114
23582,0.79108894
23583,0.45790756
23584,0.47071576
23585,0.6018512
23586,0.5607468
23587,0.49816316
23588,0.5392212
23589,0.47065824
23590,0.47347343
23591,0.53374267
23592,0.56485045
23593,0.5676296
23594,0.57692504
23595,0.4667935
23596,0.4553771
23597,0.57349306
23598,0.54415894
23599,0.49090564
23600,0.45304114
23601,0.54673636
23602,0.74896294
23603,0.93337464
23604,0.52035713
23605,0.54896283
23606,0.8715085
23607,0.46910658
23608,0.75324035
23609,0.52625644
23610,0.42605534
23611,0.46833882
23612,0.5042754
23613,0.4953914
23614,0.5522664
23615,0.48470998
23616,0.5933382
23617,0.5465841
23618,0.8256864
23619,0.43287283
23620,0.45955345
23621,0.46630698
23622,0.6139083
23623,0.5639334
23624,0.45399922
23625,0.5331822
23626,0.43419415
23627,0.4983087
23628,0.47343373
23629,0.56169885
23630,0.5214953
23631,0.56350195
23632,0.6023372
23633,0.45758662
23634,0.4868763
23635,0.47123262
23636,0.4849693
23637,0.63050073
23638,0.55096436
23639,0.57333535
23640,0.54768544
23641,0.4712661
23642,0.5437109
23643,0.42003912
23644,0.39132586
23645,0.39451846
23646,0.5636598
23647,0.5815107
23648,0.44441485
23649,0.4779436
23650,0.5376454
23651,0.46751016
23652,0.47922334
23653,0.415676
23654,0.48853457
23655,0.4561348
23656,0.43018296
23657,0.62410426
23658,0.49556336
23659,0.45754436
23660,0.5378305
23661,0.4756268
23662,0.40404758
23663,0.5619248
23664,0.48566085
23665,0.55841744
23666,0.52716273
23667,0.38333103
23668,0.5444169
23669,0.5240701
23670,0.5500463
23671,0.9508235
23672,0.53710794
23673,0.4480228
23674,0.40231124
23675,0.7462875
23676,0.54574144
23677,0.5226556
23678,0.51594955
23679,0.5504989
23680,0.48312354
23681,0.6884286
23682,0.6084183
23683,0.5578638
23684,0.616093
23685,0.4357592
23686,0.5442007
23687,0.5700417
23688,0.6608952
23689,0.47710177
23690,0.5392059
23691,0.61576295
23692,0.41448972
23693,0.4587456
23694,0.5642468
23695,0.58430535
23696,0.5431579
23697,0.45029852
23698,0.44413638
23699,0.43143165
23700,0.46357533
23701,0.54327434
23702,0.53286654
23703,0.38782787
23704,0.651968
23705,0.45993888
23706,0.5780577
23707,0.50265586
23708,0.56611603
23709,0.4499738
23710,0.47384843
23711,0.5799807
23712,0.5656999
23713,0.45397767
23714,0.64093953
23715,0.6121569
23716,0.4864442
23717,0.5275149
23718,0.60217804
23719,0.42874578
23720,0.5313997
23721,0.5393991
23722,0.46802446
23723,0.48685133
23724,0.7193695
23725,0.44686154
23726,0.45649192
23727,0.51764166
23728,0.49686244
23729,0.43071184
23730,0.5767565
23731,0.38353997
23732,0.5706221
23733,0.3966589
23734,0.53024304
23735,0.65236306
23736,0.46761855
23737,0.57614386
23738,0.5384312
23739,0.56788343
23740,0.5508773
23741,0.72132367
23742,0.43737498
23743,0.53123033
23744,0.5515604
23745,0.55208516
23746,0.54086816
23747,0.46891433
23748,0.43800756
23749,0.4750852
23750,0.6168633
23751,0.6247946
23752,0.47216365
23753,0.5604815
23754,0.5225525
23755,0.428235
23756,0.47041678
23757,0.4687144
23758,0.4560127
23759,0.5299777
23760,0.57321185
23761,0.57353526
23762,0.44904095
23763,0.5996792
23764,0.5524864
23765,0.5612283
23766,0.5285027
23767,0.487212
23768,0.44574758
23769,0.41460797
23770,0.43124175
23771,0.46713364
23772,0.5278941
23773,0.5615613
23774,0.5111955
23775,0.44096273
23776,0.643212
23777,0.4696428
23778,0.41568476
23779,0.47387648
23780,0.38935158
23781,0.47002456
23782,0.49907967
23783,0.5879943
23784,0.40280434
23785,0.58913475
23786,0.47189277
23787,0.45365018
23788,0.48730585
23789,0.4620296
23790,0.5815866
23791,0.5846311
23792,0.4759716
23793,0.5473469
23794,0.58931756
23795,0.5340856
23796,0.5545196
23797,0.44752973
23798,0.39882493
23799,0.56159586
23800,0.44931677
23801,0.57448226
23802,0.4897662
23803,0.6588551
23804,0.46649384
23805,0.5458054
23806,0.5969403
23807,0.5776568
23808,0.47102925
23809,0.42719287
23810,0.4231233
23811,0.46878052
23812,0.5752764
23813,0.53659487
23814,0.4373532
23815,0.40918046
23816,0.6112484
23817,0.5376976
23818,0.5312188
23819,0.538401
23820,0.5674039
23821,0.5888221
23822,0.5703474
23823,0.5208824
23824,0.5534332
23825,0.504558
23826,0.56062937
23827,0.548298
23828,0.58157885
23829,0.62947536
23830,0.58214974
23831,0.5767068
23832,0.5388941
23833,0.4521954
23834,0.5548491
23835,0.50822777
23836,0.4781177
23837,0.46956554
23838,0.5892503
23839,0.56456274
23840,0.9999862
23841,0.44664535
23842,0.55387807
23843,0.5420465
23844,0.55060136
23845,0.48913306
23846,0.53182864
23847,0.47241795
23848,0.54789305
23849,0.41070265
23850,0.47674704
23851,0.6246435
23852,0.37885082
23853,0.53988993
23854,0.55796325
23855,0.6117126
23856,0.533516
23857,0.42931455
23858,0.46309853
23859,0.77898943
23860,0.52512354
23861,0.44651785
23862,0.5750484
23863,0.4700371
23864,0.6118714
23865,0.5805185
23866,0.4299549
23867,0.47544727
23868,0.43311304
23869,0.56314325
23870,0.54138064
23871,0.5815166
23872,0.7756787
23873,0.79919595
23874,0.57347697
23875,0.4585997
23876,0.53669554
23877,0.5319247
23878,0.55867803
23879,0.6908347
23880,0.40849325
23881,0.39754653
23882,0.63646066
23883,0.5592543
23884,0.4516963
23885,0.5986239
23886,0.54712373
23887,0.4691438
23888,0.43856078
23889,0.89204776
23890,0.5082119
23891,0.5384492
23892,0.5542169
23893,0.49692702
23894,0.5346659
23895,0.44747302
23896,0.44155118
23897,0.5549627
23898,0.499902
23899,0.5517875
23900,0.55332375
23901,0.4772095
23902,0.4767395
23903,0.55315864
23904,0.54844487
23905,0.5149851
23906,0.5776206
23907,0.61366713
23908,0.42514712
23909,0.47781798
23910,0.52762586
23911,0.45198628
23912,0.55948526
23913,0.409872
23914,0.40539804
23915,0.57600653
23916,0.4277051
23917,0.5628525
23918,0.56996566
23919,0.49384183
23920,0.55038196
23921,0.5400787
23922,0.4506328
23923,0.57447594
23924,0.44425833
23925,0.5681415
23926,0.4898323
23927,0.5401621
23928,0.56199354
23929,0.57402635
23930,0.47777984
23931,0.45300204
23932,0.4325294
23933,0.5696935
23934,0.48287877
23935,0.5860859
23936,0.52688515
23937,0.46974573
23938,0.49748346
23939,0.5053758
23940,0.5706591
23941,0.46208337
23942,0.7042453
23943,0.537211
23944,0.40543413
23945,0.67154
23946,0.5893511
23947,0.5030384
23948,0.43906653
23949,0.599367
23950,0.5381514
23951,0.41154787
23952,0.4950782
23953,0.5987244
23954,0.49423447
23955,0.5809838
23956,0.43417567
23957,0.52958804
23958,0.5483024
23959,0.59251344
23960,0.55432594
23961,0.53960407
23962,0.5062473
23963,0.40464622
23964,0.5738118
23965,0.5314564
23966,0.4738884
23967,0.5335379
23968,0.5823849
23969,0.54892564
23970,0.5287089
23971,0.45785442
23972,0.45802933
23973,0.42257553
23974,0.5599423
23975,0.46009606
23976,0.47014785
23977,0.5127404
23978,0.44589627
23979,0.4646753
23980,0.53889585
23981,0.52110827
23982,0.44154763
23983,0.46980104
23984,0.42095393
23985,0.4537328
23986,0.5763754
23987,0.47964936
23988,0.570993
23989,0.59591097
23990,0.5143499
23991,0.44675088
23992,0.5222035
23993,0.5489329
23994,0.533744
23995,0.5454086
23996,0.49626386
23997,0.46475613
23998,0.56094235
23999,0.43288857
24000,0.4854699
24001,0.5381784
24002,0.5668541
24003,0.442352
24004,0.48353392
24005,0.60210276
24006,0.467759
24007,0.5385842
24008,0.4184346
24009,0.4669423
24010,0.5861624
24011,0.40882143
24012,0.47547844
24013,0.45737225
24014,0.5010925
24015,0.47937346
24016,0.52408206
24017,0.44748732
24018,0.46228978
24019,0.46293774
24020,0.4928839
24021,0.5838213
24022,0.47486544
24023,0.5409798
24024,0.40370864
24025,0.5094594
24026,0.40566158
24027,0.5154722
24028,0.56980467
24029,0.54466
24030,0.46035704
24031,0.56341296
24032,0.5714501
24033,0.510984
24034,0.54342884
24035,0.50548685
24036,0.53154695
24037,0.58891886
24038,0.44303536
24039,0.61905706
24040,0.64772403
24041,0.525863
24042,0.45720112
24043,0.57405585
24044,0.53204614
24045,0.49442536
24046,0.4746244
24047,0.41416222
24048,0.52559483
24049,0.5909107
24050,0.541167
24051,0.4692995
24052,0.53689575
24053,0.44398248
24054,0.4510004
24055,0.45708954
24056,0.5769813
24057,0.46300662
24058,0.59588444
24059,0.45102656
24060,0.47561097
24061,0.47141042
24062,0.6501875
24063,0.5340143
24064,0.56544614
24065,0.5622131
24066,0.49097964
24067,0.55164135
24068,0.49446464
24069,0.45645797
24070,0.40408644
24071,0.5624878
24072,0.68580806
24073,0.6021601
24074,0.51934826
24075,0.545661
24076,0.62189364
24077,0.4037705
24078,0.54779047
24079,0.47512078
24080,0.4692067
24081,0.45988438
24082,0.54397476
24083,0.4324013
24084,0.6131283
24085,0.41800973
24086,0.5073835
24087,0.60570884
24088,0.47253096
24089,0.5703324
24090,0.45236078
24091,0.43322697
24092,0.46108678
24093,0.5793209
24094,0.6020517
24095,0.4811436
24096,0.56383306
24097,0.4721165
24098,0.5275209
24099,0.44832826
24100,0.4887444
24101,0.5034032
24102,0.43217582
24103,0.53356904
24104,0.4549875
24105,0.5599674
24106,0.54917353
24107,0.58088803
24108,0.47208548
24109,0.5328154
24110,0.46706402
24111,0.4673157
24112,0.46201998
24113,0.44168216
24114,0.47566572
24115,0.7938216
24116,0.47537753
24117,0.54529834
24118,0.5995667
24119,0.6576792
24120,0.6380174
24121,0.54196465
24122,0.52733207
24123,0.47389635
24124,0.38783205
24125,0.46042234
24126,0.5603192
24127,0.47706002
24128,0.46932036
24129,0.41832125
24130,0.6895777
24131,0.42706168
24132,0.3874909
24133,0.63690376
24134,0.5688391
24135,0.44222727
24136,0.47278905
24137,0.72268015
24138,0.4212774
24139,0.5190049
24140,0.49878916
24141,0.596857
24142,0.46651793
24143,0.4756382
24144,0.45027474
24145,0.5404068
24146,0.4232106
24147,0.4797243
24148,0.51404715
24149,0.39431962
24150,0.71187377
24151,0.4783076
24152,0.646993
24153,0.466723
24154,0.5135371
24155,0.45727247
24156,0.48184904
24157,0.47158808
24158,0.4531536
24159,0.5623345
24160,0.70687234
24161,0.49149236
24162,0.53057164
24163,0.39323944
24164,0.5130843
24165,0.7377824
24166,0.5485837
24167,0.6469834
24168,0.6124908
24169,0.4736753
24170,0.4634898
24171,0.47122234
24172,0.40562838
24173,0.53430265
24174,0.48718116
24175,0.47813624
24176,0.5640289
24177,0.61185414
24178,0.60099673
24179,0.481603
24180,0.63628364
24181,0.46708888
24182,0.5974356
24183,0.5622418
24184,0.48010862
24185,0.4473043
24186,0.5394224
24187,0.4363718
24188,0.55448765
24189,0.5531104
24190,0.6431078
24191,0.5658053
24192,0.56293696
24193,0.4756763
24194,0.4596198
24195,0.424772
24196,0.4273013
24197,0.418085
24198,0.4733482
24199,0.48052272
24200,0.5758004
24201,0.6098245
24202,0.50456095
24203,0.5769703
24204,0.38244823
24205,0.5727238
24206,0.55370754
24207,0.5042015
24208,0.5405786
24209,0.7219188
24210,0.53922236
24211,0.47248507
24212,0.5332785
24213,0.48801008
24214,0.8309904
24215,0.4675786
24216,0.5370188
24217,0.5161021
24218,0.47794703
24219,0.5440277
24220,0.43629217
24221,0.47210184
24222,0.65057075
24223,0.49387637
24224,0.42682108
24225,0.57943714
24226,0.44450578
24227,0.5361265
24228,0.4653179
24229,0.5104575
24230,0.52569234
24231,0.5262584
24232,0.57065946
24233,0.5473409
24234,0.5392898
24235,0.5571947
24236,0.6264006
24237,0.41393393
24238,0.45888567
24239,0.5894181
24240,0.5404285
24241,0.5723517
24242,0.5532641
24243,0.526869
24244,0.46401617
24245,0.49358588
24246,0.47425792
24247,0.5266604
24248,0.405186
24249,0.6341011
24250,0.5193403
24251,0.46689627
24252,0.5459922
24253,0.49498054
24254,0.5375381
24255,0.4634648
24256,0.54315174
24257,0.5863268
24258,0.5858309
24259,0.55084306
24260,0.4221966
24261,0.57053417
24262,0.47013548
24263,0.53940374
24264,0.49843204
24265,0.4655632
24266,0.56103665
24267,0.47551253
24268,0.46887892
24269,0.4288652
24270,0.47665647
24271,0.4867636
24272,0.5365717
24273,0.44003606
24274,0.45719203
24275,0.44448376
24276,0.45297033
24277,0.47677383
24278,0.39741382
24279,0.60005224
24280,0.4776918
24281,0.6279506
24282,0.5612771
24283,0.53864837
24284,0.5787059
24285,0.577094
24286,0.67852074
24287,0.44771448
24288,0.45391947
24289,0.4991724
24290,0.4589231
24291,0.40448663
24292,0.6208823
24293,0.5295907
24294,0.5562647
24295,0.5371734
24296,0.91009104
24297,0.4624678
24298,0.43061763
24299,0.44649342
24300,0.47427508
24301,0.4377397
24302,0.5340826
24303,0.5567509
24304,0.52946407
24305,0.54296565
24306,0.5420809
24307,0.54012495
24308,0.40827036
24309,0.5007867
24310,0.4726326
24311,0.5539642
24312,0.47712487
24313,0.47896644
24314,0.54282504
24315,0.40637374
24316,0.5462285
24317,0.4751162
24318,0.5368371
24319,0.5308509
24320,0.48244694
24321,0.5283659
24322,0.57140154
24323,0.5279949
24324,0.47164515
24325,0.5573664
24326,0.5644566
24327,0.61665726
24328,0.53295267
24329,0.39027882
24330,0.4243007
24331,0.49570045
24332,0.4740723
24333,0.4595842
24334,0.4303195
24335,0.8591329
24336,0.5482062
24337,0.46394035
24338,0.5697484
24339,0.5995972
24340,0.6214452
24341,0.44913837
24342,0.5718949
24343,0.4629498
24344,0.5792406
24345,0.6813925
24346,0.4453228
24347,0.5391369
24348,0.47730377
24349,0.46032912
24350,0.58089226
24351,0.4707747
24352,0.8928174
24353,0.58870345
24354,0.93809974
24355,0.52639866
24356,0.56081486
24357,0.5864282
24358,0.55604196
24359,0.4818832
24360,0.401748
24361,0.43582335
24362,0.5860392
24363,0.4697816
24364,0.46412534
24365,0.5565465
24366,0.48339754
24367,0.48585236
24368,0.5639792
24369,0.4299298
24370,0.5533206
24371,0.4503233
24372,0.63059026
24373,0.46817043
24374,0.57741344
24375,0.42789152
24376,0.48484018
24377,0.5559295
24378,0.55339926
24379,0.42847383
24380,0.45693314
24381,0.65935975
24382,0.45104402
24383,0.60702217
24384,0.5469142
24385,0.5578425
24386,0.52630806
24387,0.5769542
24388,0.5639068
24389,0.81533587
24390,0.55229485
24391,0.57471293
24392,0.555967
24393,0.52136964
24394,0.53619754
24395,0.7915961
24396,0.5358115
24397,0.47445098
24398,0.5784794
24399,0.46409303
24400,0.4611539
24401,0.56478924
24402,0.4212881
24403,0.5848168
24404,0.42049506
24405,0.46140906
24406,0.55780286
24407,0.46464124
24408,0.4334981
24409,0.42169058
24410,0.5493142
24411,0.5656644
24412,0.55733985
24413,0.59509706
24414,0.6306538
24415,0.5858291
24416,0.519008
24417,0.57278013
24418,0.37764087
24419,0.452201
24420,0.5367394
24421,0.8867185
24422,0.54765487
24423,0.42407405
24424,0.42557296
24425,0.58173716
24426,0.39299655
24427,0.53062224
24428,0.7806498
24429,0.41813886
24430,0.584314
24431,0.74510944
24432,0.56577533
24433,0.46903172
24434,0.43989736
24435,0.53290826
24436,0.46092755
24437,0.6242638
24438,0.41612053
24439,0.74670637
24440,0.4273238
24441,0.4846549
24442,0.46910492
24443,0.53571504
24444,0.5145695
24445,0.64270055
24446,0.5084752
24447,0.47717646
24448,0.44381976
24449,0.55009174
24450,0.5364822
24451,0.56973326
24452,0.58685124
24453,0.4183002
24454,0.44783628
24455,0.43656284
24456,0.5892705
24457,0.4246937
24458,0.4820754
24459,0.51089025
24460,0.4815482
24461,0.45878664
24462,0.41937757
24463,0.49784556
24464,0.47468615
24465,0.711449
24466,0.67522585
24467,0.39414388
24468,0.69134897
24469,0.5270195
24470,0.50314355
24471,0.42438456
24472,0.5446781
24473,0.54624504
24474,0.46128774
24475,0.59693277
24476,0.5502205
24477,0.46964043
24478,0.5566849
24479,0.5403826
24480,0.47842893
24481,0.61396676
24482,0.5065508
24483,0.5799539
24484,0.45493013
24485,0.4408236
24486,0.6065505
24487,0.46455553
24488,0.60069054
24489,0.4430281
24490,0.5781021
24491,0.4361751
24492,0.42330098
24493,0.56010616
24494,0.5731725
24495,0.5426604
24496,0.47407785
24497,0.41720155
24498,0.5313542
24499,0.6407047
24500,0.50329113
24501,0.46939558
24502,0.5712009
24503,0.47305915
24504,0.4665764
24505,0.48641905
24506,0.58177763
24507,0.5365663
24508,0.43649438
24509,0.5586784
24510,0.5273177
24511,0.64583695
24512,0.54400915
24513,0.61862206
24514,0.47661772
24515,0.55827487
24516,0.6281396
24517,0.47184733
24518,0.5617592
24519,0.5905167
24520,0.47841227
24521,0.46110523
24522,0.590393
24523,0.6008629
24524,0.4956178
24525,0.6079099
24526,0.47083753
24527,0.7869216
24528,0.43376172
24529,0.4946716
24530,0.6406179
24531,0.48191765
24532,0.4679496
24533,0.5343645
24534,0.5430465
24535,0.43353397
24536,0.64689255
24537,0.37612078
24538,0.5730019
24539,0.47612762
24540,0.5763473
24541,0.5610281
24542,0.42430675
24543,0.41545302
24544,0.43839124
24545,0.5040885
24546,0.52643317
24547,0.42003277
24548,0.5438848
24549,0.6058115
24550,0.54091847
24551,0.44232154
24552,0.46231622
24553,0.5346497
24554,0.57716364
24555,0.6589273
24556,0.40626132
24557,0.52970946
24558,0.4424195
24559,0.5706931
24560,0.6307975
24561,0.6549425
24562,0.47979325
24563,0.6220271
24564,0.7078904
24565,0.58439946
24566,0.5977423
24567,0.5464709
24568,0.9977236
24569,0.40451717
24570,0.43972242
24571,0.58939064
24572,0.47921166
24573,0.5640638
24574,0.43029356
24575,0.5439958
24576,0.46883368
24577,0.5563776
24578,0.48196617
24579,0.5577888
24580,0.5832472
24581,0.47541142
24582,0.45364168
24583,0.550098
24584,0.52136785
24585,0.42161816
24586,0.5807975
24587,0.4626446
24588,0.55151856
24589,0.63478494
24590,0.49416894
24591,0.481461
24592,0.525439
24593,0.39781392
24594,0.6760196
24595,0.4703156
24596,0.43555567
24597,0.5318497
24598,0.5161514
24599,0.42671037
24600,0.5388452
24601,0.45218688
24602,0.56161577
24603,0.53420204
24604,0.57091254
24605,0.562676
24606,0.5124751
24607,0.56292653
24608,0.4144316
24609,0.51737916
24610,0.52661175
24611,0.5926842
24612,0.4711461
24613,0.54612935
24614,0.4587473
24615,0.7770381
24616,0.5341075
24617,0.5808598
24618,0.47292694
24619,0.5689523
24620,0.4738858
24621,0.48049968
24622,0.54510546
24623,0.5476289
24624,0.51180923
24625,0.48290935
24626,0.46739122
24627,0.42013544
24628,0.47423828
24629,0.5267002
24630,0.5741271
24631,0.43285358
24632,0.57984227
24633,0.5905957
24634,0.55464786
24635,0.41561538
24636,0.43442106
24637,0.5432097
24638,0.56416786
24639,0.45043325
24640,0.4658306
24641,0.46980476
24642,0.56213903
24643,0.63598883
24644,0.38739204
24645,0.54207414
24646,0.4830417
24647,0.48574626
24648,0.7595531
24649,0.4175658
24650,0.5143221
24651,0.51292104
24652,0.5000692
24653,0.5567667
24654,0.5412419
24655,0.5736053
24656,0.50190246
24657,0.63350725
24658,0.48572725
24659,0.45661
24660,0.4722963
24661,0.55323184
24662,0.58814985
24663,0.4606425
24664,0.99537396
24665,0.44489387
24666,0.5541177
24667,0.40177888
24668,0.39233083
24669,0.42349616
24670,0.45556375
24671,0.55770457
24672,0.510287
24673,0.53127843
24674,0.5059797
24675,0.54589164
24676,0.44780868
24677,0.543794
24678,0.5526436
24679,0.46794963
24680,0.3956196
24681,0.61852914
24682,0.61916757
24683,0.5581673
24684,0.47523525
24685,0.44565603
24686,0.54654205
24687,0.43498734
24688,0.50113064
24689,0.47558725
24690,0.44069436
24691,0.5706036
24692,0.44478673
24693,0.41452163
24694,0.54040897
24695,0.6666637
24696,0.47252554
24697,0.5982268
24698,0.4726089
24699,0.45881236
24700,0.46523395
24701,0.5473142
24702,0.54386747
24703,0.6009021
24704,0.48551205
24705,0.5142692
24706,0.56495893
24707,0.6287185
24708,0.5706071
24709,0.584362
24710,0.62326354
24711,0.6079667
24712,0.57269347
24713,0.5504986
24714,0.5774188
24715,0.54503137
24716,0.47922385
24717,0.40476733
24718,0.5121572
24719,0.47614887
24720,0.47925133
24721,0.58032036
24722,0.5896737
24723,0.48517755
24724,0.4693806
24725,0.46550393
24726,0.5216551
24727,0.55042714
24728,0.55683774
24729,0.44074208
24730,0.43603605
24731,0.44721857
24732,0.49788374
24733,0.47987175
24734,0.45819113
24735,0.47263926
24736,0.5850303
24737,0.5552851
24738,0.4469888
24739,0.54014635
24740,0.4244027
24741,0.46422142
24742,0.43864137
24743,0.56985116
24744,0.4745533
24745,0.43228257
24746,0.41865802
24747,0.56910694
24748,0.45701578
24749,0.60057485
24750,0.4118754
24751,0.6615387
24752,0.5889222
24753,0.52119404
24754,0.61180305
24755,0.43030488
24756,0.46055084
24757,0.41926876
24758,0.52388406
24759,0.4829168
24760,0.46345097
24761,0.54901904
24762,0.5278263
24763,0.6080117
24764,0.42841542
24765,0.54530233
24766,0.46591106
24767,0.46176395
24768,0.52125484
24769,0.54904014
24770,0.47231087
24771,0.41528895
24772,0.44913334
24773,0.45026466
24774,0.45107302
24775,0.5882984
24776,0.465832
24777,0.5307877
24778,0.48895875
24779,0.52329814
24780,0.58540606
24781,0.5578018
24782,0.47917095
24783,0.47634536
24784,0.5647855
24785,0.5520379
24786,0.6375601
24787,0.6544006
24788,0.3771277
24789,0.45397088
24790,0.47377965
24791,0.44041082
24792,0.43299863
24793,0.54554135
24794,0.7365204
24795,0.48953885
24796,0.50234693
24797,0.5291158
24798,0.5630157
24799,0.56809175
24800,0.48530316
24801,0.52948827
24802,0.48333204
24803,0.38858616
24804,0.4856036
24805,0.4048527
24806,0.5742947
24807,0.5478526
24808,0.7273772
24809,0.43023467
24810,0.4824384
24811,0.58901584
24812,0.4384378
24813,0.59807986
24814,0.56355345
24815,0.4657612
24816,0.54967326
24817,0.47358233
24818,0.5606064
24819,0.5282556
24820,0.5377352
24821,0.4252218
24822,0.5285508
24823,0.5168425
24824,0.5936431
24825,0.5111062
24826,0.4704526
24827,0.52317977
24828,0.5738094
24829,0.64164436
24830,0.5071895
24831,0.44007003
24832,0.55845034
24833,0.4457938
24834,0.5629441
24835,0.48305902
24836,0.5727093
24837,0.42859888
24838,0.54661596
24839,0.40542322
24840,0.5374637
24841,0.5305953
24842,0.4124356
24843,0.52123
24844,0.42662805
24845,0.4494757
24846,0.44363934
24847,0.6016256
24848,0.47569945
24849,0.67763954
24850,0.50141627
24851,0.64875007
24852,0.53766525
24853,0.44645655
24854,0.5919294
24855,0.4442383
24856,0.4828555
24857,0.44515395
24858,0.51146215
24859,0.56664056
24860,0.4585932
24861,0.57330984
24862,0.6383008
24863,0.42366484
24864,0.5242651
24865,0.5751647
24866,0.5523528
24867,0.6114908
24868,0.4630732
24869,0.43395728
24870,0.4057788
24871,0.53194207
24872,0.4681575
24873,0.5125577
24874,0.7789121
24875,0.415276
24876,0.450925
24877,0.4715168
24878,0.47539133
24879,0.57467914
24880,0.49759585
24881,0.5680304
24882,0.5728717
24883,0.5036456
24884,0.549042
24885,0.62377095
24886,0.46194023
24887,0.56654173
24888,0.6001488
24889,0.7274646
24890,0.44373712
24891,0.4718462
24892,0.4974717
24893,0.44215053
24894,0.51850444
24895,0.72784233
24896,0.558736
24897,0.54850304
24898,0.6505365
24899,0.58595264
24900,0.52092105
24901,0.4285407
24902,0.62970686
24903,0.63632166
24904,0.553567
24905,0.44696242
24906,0.5396692
24907,0.5861639
24908,0.5598354
24909,0.44643438
24910,0.6893565
24911,0.47710094
24912,0.56598264
24913,0.7113923
24914,0.5395583
24915,0.41342106
24916,0.5384453
24917,0.47556257
24918,0.5316571
24919,0.5725257
24920,0.5458861
24921,0.5669235
24922,0.5026295
24923,0.45440802
24924,0.5275742
24925,0.48379067
24926,0.9281995
24927,0.61933213
24928,0.43840122
24929,0.5922131
24930,0.4879026
24931,0.49171567
24932,0.5831252
24933,0.4750896
24934,0.4181342
24935,0.54590255
24936,0.54209656
24937,0.528003
24938,0.56517106
24939,0.5780858
24940,0.58039653
24941,0.83874977
24942,0.5631454
24943,0.5465593
24944,0.43848273
24945,0.6051591
24946,0.40069726
24947,0.4550179
24948,0.4506187
24949,0.5883983
24950,0.65424824
24951,0.45442802
24952,0.4815483
24953,0.65843314
24954,0.613173
24955,0.5426866
24956,0.6647982
24957,0.62985885
24958,0.55661845
24959,0.5326929
24960,0.45868415
24961,0.5730101
24962,0.5779912
24963,0.4613588
24964,0.5583975
24965,0.44604594
24966,0.49245393
24967,0.48981497
24968,0.5963254
24969,0.4531627
24970,0.5176549
24971,0.5289558
24972,0.4602001
24973,0.42578128
24974,0.5580565
24975,0.56709224
24976,0.45577
24977,0.6033564
24978,0.4170003
24979,0.4440766
24980,0.4877123
24981,0.5376418
24982,0.5589377
24983,0.50986004
24984,0.548837
24985,0.41944185
24986,0.46922114
24987,0.54213446
24988,0.7541685
24989,0.46161997
24990,0.4641224
24991,0.48169464
24992,0.4720643
24993,0.46513057
24994,0.5334473
24995,0.4585934
24996,0.56649566
24997,0.58108234
24998,0.5185712
24999,0.39663032
25000,0.46085274
25001,0.57393223
25002,0.40674898
25003,0.47663066
25004,0.6160018
25005,0.37970343
25006,0.53712314
25007,0.46717513
25008,0.41387522
25009,0.4797192
25010,0.47088295
25011,0.50483304
25012,0.45306325
25013,0.69877607
25014,0.4708389
25015,0.48735076
25016,0.47564647
25017,0.46119857
25018,0.51591116
25019,0.5861246
25020,0.38201421
25021,0.43709046
25022,0.52713835
25023,0.48704824
25024,0.5981819
25025,0.4750232
25026,0.38986322
25027,0.5603601
25028,0.5556155
25029,0.42172843
25030,0.47416517
25031,0.56554824
25032,0.6176056
25033,0.5084207
25034,0.4975981
25035,0.54574376
25036,0.5008998
25037,0.46821186
25038,0.59161264
25039,0.5375824
25040,0.5983073
25041,0.5564767
25042,0.38827854
25043,0.5559696
25044,0.5357539
25045,0.5252785
25046,0.47970453
25047,0.550605
25048,0.6301145
25049,0.45910737
25050,0.5483336
25051,0.5184247
25052,0.47978103
25053,0.6076624
25054,0.74211377
25055,0.6205198
25056,0.60285985
25057,0.5695173
25058,0.43929863
25059,0.5417431
25060,0.460522
25061,0.58155227
25062,0.4763162
25063,0.47368178
25064,0.42398944
25065,0.54222
25066,0.44275108
25067,0.5744447
25068,0.405496
25069,0.5055102
25070,0.43994656
25071,0.44444537
25072,0.47191626
25073,0.56062037
25074,0.5482876
25075,0.44236958
25076,0.53934956
25077,0.4242308
25078,0.52415776
25079,0.49888518
25080,0.5974577
25081,0.5592331
25082,0.5222737
25083,0.5538451
25084,0.8229197
25085,0.414181
25086,0.48020098
25087,0.527755
25088,0.46595475
25089,0.55449975
25090,0.43901962
25091,0.42545122
25092,0.4564383
25093,0.56373525
25094,0.60007036
25095,0.51592636
25096,0.5510777
25097,0.58359075
25098,0.54495573
25099,0.45537513
25100,0.46850538
25101,0.3991949
25102,0.54376227
25103,0.475923
25104,0.54264736
25105,0.4769398
25106,0.39293677
25107,0.54783267
25108,0.50559723
25109,0.4727753
25110,0.48807466
25111,0.7116097
25112,0.6569348
25113,0.45918226
25114,0.5226324
25115,0.55921096
25116,0.58472824
25117,0.4519227
25118,0.56845516
25119,0.4779334
25120,0.5684896
25121,0.5427011
25122,0.5151314
25123,0.4493733
25124,0.55125946
25125,0.4674337
25126,0.54827577
25127,0.46502307
25128,0.51906693
25129,0.5710533
25130,0.47269133
25131,0.53182006
25132,0.6028628
25133,0.5895568
25134,0.57393605
25135,0.5172759
25136,0.5090308
25137,0.69635296
25138,0.54564
25139,0.5677441
25140,0.5010163
25141,0.57622546
25142,0.49261373
25143,0.42584914
25144,0.47041744
25145,0.47513694
25146,0.59489584
25147,0.49204108
25148,0.5271962
25149,0.53691775
25150,0.5634215
25151,0.3948396
25152,0.5329297
25153,0.6515184
25154,0.6510651
25155,0.570529
25156,0.4656316
25157,0.57522243
25158,0.57520825
25159,0.40456408
25160,0.5185532
25161,0.59601456
25162,0.54980564
25163,0.4442681
25164,0.57933867
25165,0.54647624
25166,0.46924272
25167,0.52079374
25168,0.60326606
25169,0.52471113
25170,0.5236727
25171,0.5468431
25172,0.47831625
25173,0.42799956
25174,0.54640764
25175,0.46753502
25176,0.48083755
25177,0.44854242
25178,0.46794328
25179,0.65294945
25180,0.47432047
25181,0.48128703
25182,0.45899013
25183,0.49872917
25184,0.40096164
25185,0.65000755
25186,0.47683555
25187,0.55110025
25188,0.48037675
25189,0.4408324
25190,0.57829374
25191,0.5470105
25192,0.713532
25193,0.52664864
25194,0.60858476
25195,0.5836734
25196,0.5375313
25197,0.5305718
25198,0.5959866
25199,0.5322246
25200,0.5660666
25201,0.38632244
25202,0.5490594
25203,0.56024444
25204,0.5277088
25205,0.5427772
25206,0.50649816
25207,0.53572637
25208,0.5444515
25209,0.5619833
25210,0.56611073
25211,0.45439398
25212,0.40491822
25213,0.5499628
25214,0.6060814
25215,0.70147884
25216,0.55892676
25217,0.45266324
25218,0.48772323
25219,0.42436075
25220,0.52523416
25221,0.4316627
25222,0.5493501
25223,0.5489655
25224,0.52049744
25225,0.41300893
25226,0.458174
25227,0.50275403
25228,0.46857864
25229,0.5471243
25230,0.5267057
25231,0.49753588
25232,0.42575964
25233,0.6265614
25234,0.57652706
25235,0.5823569
25236,0.54567367
25237,0.5923441
25238,0.5582823
25239,0.6791734
25240,0.60376525
25241,0.58449376
25242,0.5294983
25243,0.56732947
25244,0.43574992
25245,0.5111933
25246,0.46062824
25247,0.41995686
25248,0.4694507
25249,0.6415959
25250,0.40542364
25251,0.47454688
25252,0.43971628
25253,0.4388166
25254,0.5580517
25255,0.5627954
25256,0.57039875
25257,0.53017575
25258,0.55284274
25259,0.55007714
25260,0.60119265
25261,0.557614
25262,0.52607256
25263,0.5578746
25264,0.5780016
25265,0.59062225
25266,0.5016383
25267,0.48423335
25268,0.5644285
25269,0.51220864
25270,0.46799025
25271,0.5359196
25272,0.42603332
25273,0.5916124
25274,0.5479263
25275,0.5402982
25276,0.4530197
25277,0.626984
25278,0.46676606
25279,0.41034514
25280,0.5682854
25281,0.642981
25282,0.4817444
25283,0.45793828
25284,0.5548786
25285,0.5888659
25286,0.46395326
25287,0.5680149
25288,0.5795022
25289,0.5228429
25290,0.44932055
25291,0.45869324
25292,0.7377745
25293,0.47264466
25294,0.46440202
25295,0.5641303
25296,0.5944602
25297,0.6708626
25298,0.4575933
25299,0.49731842
25300,0.54389954
25301,0.54630476
25302,0.46383607
25303,0.5288456
25304,0.42029133
25305,0.5316155
25306,0.6402786
25307,0.40883574
25308,0.5566796
25309,0.4515996
25310,0.44437185
25311,0.49850965
25312,0.57477725
25313,0.558555
25314,0.4014742
25315,0.57895315
25316,0.477925
25317,0.58023113
25318,0.4728437
25319,0.50483197
25320,0.46969953
25321,0.44086257
25322,0.4886459
25323,0.45069933
25324,0.68425685
25325,0.54526764
25326,0.54699105
25327,0.6555632
25328,0.5556111
25329,0.6774341
25330,0.6992009
25331,0.51460224
25332,0.7206101
25333,0.4790802
25334,0.5586389
25335,0.59629595
25336,0.5490422
25337,0.4592894
25338,0.47305077
25339,0.54485273
25340,0.52332306
25341,0.45123836
25342,0.56597537
25343,0.4991688
25344,0.56080234
25345,0.43408853
25346,0.5583767
25347,0.48749083
25348,0.5711913
25349,0.49007758
25350,0.44314805
25351,0.4285256
25352,0.5707981
25353,0.54618907
25354,0.5109365
25355,0.48722237
25356,0.65485334
25357,0.57431793
25358,0.5424176
25359,0.5510341
25360,0.56080353
25361,0.5364157
25362,0.5203017
25363,0.45089054
25364,0.52918756
25365,0.624568
25366,0.6073918
25367,0.4105301
25368,0.5047099
25369,0.5885005
25370,0.5746109
25371,0.45825112
25372,0.4756704
25373,0.4323938
25374,0.5650073
25375,0.5490269
25376,0.5499264
25377,0.54760885
25378,0.51931375
25379,0.55829865
25380,0.4141579
25381,0.5864446
25382,0.5253603
25383,0.8532645
25384,0.40878943
25385,0.6217226
25386,0.50650567
25387,0.5605039
25388,0.47788686
25389,0.4815152
25390,0.46682495
25391,0.48411167
25392,0.5076143
25393,0.48355198
25394,0.77779686
25395,0.48806408
25396,0.44401488
25397,0.569581
25398,0.54483056
25399,0.40582168
25400,0.4805205
25401,0.6077712
25402,0.5329729
25403,0.5922735
25404,0.6164156
25405,0.59798
25406,0.6190592
25407,0.53876054
25408,0.6715215
25409,0.49219728
25410,0.8625254
25411,0.5651025
25412,0.48552915
25413,0.47109807
25414,0.5555071
25415,0.5406798
25416,0.6338395
25417,0.48474318
25418,0.58184433
25419,0.56843525
25420,0.60121304
25421,0.4754766
25422,0.46370828
25423,0.45937988
25424,0.4344495
25425,0.53954095
25426,0.4221619
25427,0.5657885
25428,0.4402919
25429,0.5220753
25430,0.4564852
25431,0.62085134
25432,0.47550744
25433,0.6621078
25434,0.43531358
25435,0.57377386
25436,0.58703244
25437,0.5598693
25438,0.58480203
25439,0.49253297
25440,0.53492826
25441,0.4603233
25442,0.5270657
25443,0.56188744
25444,0.57183874
25445,0.53380626
25446,0.6153754
25447,0.46952942
25448,0.5339313
25449,0.49124837
25450,0.39032677
25451,0.52406454
25452,0.45308644
25453,0.5196961
25454,0.5395829
25455,0.42207825
25456,0.7076854
25457,0.4770772
25458,0.5712818
25459,0.5398135
25460,0.5621495
25461,0.5045111
25462,0.46898487
25463,0.46109834
25464,0.43856072
25465,0.52074605
25466,0.5391945
25467,0.4665202
25468,0.75002736
25469,0.4576453
25470,0.5743223
25471,0.55885005
25472,0.5911204
25473,0.5451002
25474,0.4290152
25475,0.5358431
25476,0.45228714
25477,0.47549695
25478,0.44458365
25479,0.4688274
25480,0.51625127
25481,0.55824125
25482,0.5220926
25483,0.6687488
25484,0.5708167
25485,0.4287663
25486,0.46150234
25487,0.45289132
25488,0.5569773
25489,0.58451444
25490,0.5395257
25491,0.4001749
25492,0.4868169
25493,0.55512756
25494,0.4400145
25495,0.56449753
25496,0.46544152
25497,0.60692585
25498,0.55314785
25499,0.55479705
25500,0.5997546
25501,0.68948776
25502,0.5315478
25503,0.61480904
25504,0.5479462
25505,0.6003539
25506,0.5663629
25507,0.45015854
25508,0.52888805
25509,0.4682839
25510,0.413369
25511,0.5280995
25512,0.5117358
25513,0.5547592
25514,0.5389462
25515,0.51872516
25516,0.45238718
25517,0.6116196
25518,0.44704014
25519,0.5602706
25520,0.5647797
25521,0.56001335
25522,0.61678433
25523,0.59972304
25524,0.41651416
25525,0.45046753
25526,0.5359466
25527,0.564505
25528,0.557614
25529,0.4698041
25530,0.5342392
25531,0.4598275
25532,0.4786954
25533,0.6931714
25534,0.55425566
25535,0.44969827
25536,0.5996255
25537,0.52770054
25538,0.55750775
25539,0.526762
25540,0.49073043
25541,0.5387089
25542,0.53106254
25543,0.41712517
25544,0.5564025
25545,0.47076136
25546,0.41361487
25547,0.47402492
25548,0.42457655
25549,0.4593047
25550,0.58547556
25551,0.59482265
25552,0.5609627
25553,0.63841
25554,0.40209737
25555,0.56694233
25556,0.5645266
25557,0.5223855
25558,0.57060593
25559,0.55724996
25560,0.40693483
25561,0.47894394
25562,0.5330771
25563,0.47208276
25564,0.5654996
25565,0.5602607
25566,0.5277848
25567,0.45633465
25568,0.53451324
25569,0.53006357
25570,0.5139746
25571,0.42510426
25572,0.4503307
25573,0.5453665
25574,0.5568009
25575,0.4694913
25576,0.6786029
25577,0.5142649
25578,0.5139138
25579,0.5538278
25580,0.5541274
25581,0.49626905
25582,0.61164045
25583,0.7107778
25584,0.5363094
25585,0.5671141
25586,0.57097864
25587,0.47699264
25588,0.55777776
25589,0.4956434
25590,0.5215075
25591,0.43613702
25592,0.39505717
25593,0.47252142
25594,0.43039542
25595,0.53507215
25596,0.73094904
25597,0.48966107
25598,0.43420345
25599,0.5585281
25600,0.51163113
25601,0.45671922
25602,0.5583906
25603,0.55451405
25604,0.5664755
25605,0.41668367
25606,0.59123373
25607,0.41435075
25608,0.5405151
25609,0.50642973
25610,0.47114924
25611,0.65734994
25612,0.579502
25613,0.5658848
25614,0.4734092
25615,0.6016422
25616,0.521332
25617,0.45099783
25618,0.5493529
25619,0.53833234
25620,0.42884898
25621,0.65194035
25622,0.47542053
25623,0.5581798
25624,0.5799658
25625,0.5490041
25626,0.6046053
25627,0.55089223
25628,0.46787345
25629,0.69039017
25630,0.53954977
25631,0.47401074
25632,0.3306193
25633,0.48278385
25634,0.59265774
25635,0.47323832
25636,0.67389476
25637,0.50110406
25638,0.54769766
25639,0.558946
25640,0.57422614
25641,0.6932846
25642,0.46353477
25643,0.42753837
25644,0.6283658
25645,0.53236794
25646,0.49764758
25647,0.46692505
25648,0.55259234
25649,0.45556045
25650,0.6332923
25651,0.5488617
25652,0.566215
25653,0.51239544
25654,0.47184905
25655,0.48016882
25656,0.5399048
25657,0.4819141
25658,0.60900825
25659,0.5351373
25660,0.6344675
25661,0.4532314
25662,0.56368107
25663,0.54241383
25664,0.44387633
25665,0.46981683
25666,0.7856158
25667,0.66130126
25668,0.5190684
25669,0.44943565
25670,0.45871454
25671,0.57753867
25672,0.42756164
25673,0.45077878
25674,0.58161163
25675,0.5615888
25676,0.5495375
25677,0.5327775
25678,0.45146483
25679,0.46284953
25680,0.4956547
25681,0.5690666
25682,0.54856575
25683,0.42719904
25684,0.56968564
25685,0.50271314
25686,0.540207
25687,0.5801575
25688,0.5088746
25689,0.69599956
25690,0.56770986
25691,0.5321182
25692,0.5498279
25693,0.48233554
25694,0.53883207
25695,0.5556501
25696,0.5286603
25697,0.62813705
25698,0.5331619
25699,0.38668138
25700,0.5710931
25701,0.54868597
25702,0.9191465
25703,0.6124459
25704,0.5717969
25705,0.79684603
25706,0.5854061
25707,0.4126208
25708,0.47157013
25709,0.5834856
25710,0.4554404
25711,0.41355932
25712,0.5581101
25713,0.5027959
25714,0.5164821
25715,0.5592145
25716,0.51505476
25717,0.6546343
25718,0.50825924
25719,0.4741149
25720,0.46479556
25721,0.46850038
25722,0.57813954
25723,0.4064984
25724,0.4035358
25725,0.827988
25726,0.42677486
25727,0.4873676
25728,0.6180207
25729,0.8795768
25730,0.5867524
25731,0.5337171
25732,0.6636275
25733,0.5607863
25734,0.43659356
25735,0.45687544
25736,0.5833694
25737,0.44529584
25738,0.47616452
25739,0.5439411
25740,0.4743821
25741,0.57781845
25742,0.508172
25743,0.4470973
25744,0.46635756
25745,0.8279109
25746,0.5426348
25747,0.59200215
25748,0.5656973
25749,0.46136567
25750,0.561096
25751,0.5488124
25752,0.45436507
25753,0.4374039
25754,0.5464158
25755,0.59427136
25756,0.6090817
25757,0.57776916
25758,0.56402826
25759,0.4795057
25760,0.5242213
25761,0.56444424
25762,0.48416716
25763,0.43101412
25764,0.57859915
25765,0.47183275
25766,0.52275145
25767,0.5555765
25768,0.43953303
25769,0.47347596
25770,0.5753619
25771,0.75101167
25772,0.5462711
25773,0.5502296
25774,0.4451218
25775,0.4722095
25776,0.5771203
25777,0.52440524
25778,0.56195503
25779,0.59509605
25780,0.45814383
25781,0.5175903
25782,0.4697417
25783,0.42543054
25784,0.4752472
25785,0.54614663
25786,0.5534012
25787,0.4569513
25788,0.46993244
25789,0.57454866
25790,0.54653454
25791,0.59793377
25792,0.6732315
25793,0.44325566
25794,0.52318496
25795,0.44028652
25796,0.4106982
25797,0.49332854
25798,0.4744582
25799,0.54077953
25800,0.5583167
25801,0.63065153
25802,0.56397444
25803,0.5079993
25804,0.47384238
25805,0.55229455
25806,0.57110447
25807,0.53505665
25808,0.44370723
25809,0.53175247
25810,0.44377053
25811,0.5429603
25812,0.5258055
25813,0.6710079
25814,0.54739887
25815,0.4611251
25816,0.56499326
25817,0.4675554
25818,0.4545969
25819,0.4210898
25820,0.55009186
25821,0.47666582
25822,0.52781576
25823,0.56501794
25824,0.55106986
25825,0.53187454
25826,0.6015011
25827,0.4766403
25828,0.65692085
25829,0.5872367
25830,0.46437788
25831,0.5771963
25832,0.42039344
25833,0.4701478
25834,0.52612424
25835,0.57363325
25836,0.4468915
25837,0.42233306
25838,0.44614795
25839,0.5741192
25840,0.51059204
25841,0.5265487
25842,0.5724167
25843,0.54260117
25844,0.5366413
25845,0.5416307
25846,0.5258058
25847,0.49463928
25848,0.43928847
25849,0.5134839
25850,0.5781691
25851,0.50641227
25852,0.53655607
25853,0.43485346
25854,0.48548168
25855,0.5682192
25856,0.44175914
25857,0.45201212
25858,0.4228491
25859,0.4898388
25860,0.53888065
25861,0.43893072
25862,0.5719211
25863,0.58603716
25864,0.6090761
25865,0.5402707
25866,0.5498025
25867,0.518933
25868,0.48245424
25869,0.4710948
25870,0.8058779
25871,0.67298365
25872,0.40944794
25873,0.4951014
25874,0.528424
25875,0.6171081
25876,0.53271097
25877,0.52927756
25878,0.5755925
25879,0.52572477
25880,0.452167
25881,0.5612752
25882,0.5178752
25883,0.6041297
25884,0.47480118
25885,0.80117273
25886,0.4739844
25887,0.60118765
25888,0.50390536
25889,0.6801522
25890,0.56417996
25891,0.45509815
25892,0.47033626
25893,0.5086142
25894,0.53362346
25895,0.47691572
25896,0.8862876
25897,0.56442374
25898,0.52537143
25899,0.56101215
25900,0.63287234
25901,0.59129304
25902,0.5353192
25903,0.5742987
25904,0.46440065
25905,0.5458505
25906,0.50303906
25907,0.46571207
25908,0.53813505
25909,0.55810285
25910,0.64021826
25911,0.57586896
25912,0.42010248
25913,0.47558165
25914,0.46985576
25915,0.4691353
25916,0.49635652
25917,0.90451133
25918,0.5807465
25919,0.39748392
25920,0.5029766
25921,0.4704597
25922,0.46348166
25923,0.49507064
25924,0.52957904
25925,0.5621507
25926,0.44313678
25927,0.46727833
25928,0.47648025
25929,0.64566445
25930,0.69752336
25931,0.5954938
25932,0.57591164
25933,0.49571174
25934,0.44668943
25935,0.5493425
25936,0.54884505
25937,0.56258297
25938,0.42535117
25939,0.4716787
25940,0.45249268
25941,0.41800255
25942,0.5165613
25943,0.5415955
25944,0.4599508
25945,0.42921427
25946,0.4674426
25947,0.51279086
25948,0.6513861
25949,0.45754766
25950,0.52018344
25951,0.5568121
25952,0.5893117
25953,0.5184771
25954,0.7385323
25955,0.5491193
25956,0.56400543
25957,0.56886494
25958,0.57091254
25959,0.54405564
25960,0.55173975
25961,0.45330697
25962,0.44427675
25963,0.59880555
25964,0.41885495
25965,0.5330871
25966,0.444131
25967,0.5112957
25968,0.53241163
25969,0.4602564
25970,0.5529862
25971,0.5614488
25972,0.46982464
25973,0.47539872
25974,0.5562793
25975,0.55934143
25976,0.47975093
25977,0.46060944
25978,0.44566882
25979,0.47613287
25980,0.5881409
25981,0.5840548
25982,0.47375575
25983,0.46458557
25984,0.5061977
25985,0.5837215
25986,0.4004649
25987,0.5682095
25988,0.4979606
25989,0.46796465
25990,0.5624939
25991,0.9810622
25992,0.5515486
25993,0.9996149
25994,0.5302859
25995,0.4225734
25996,0.5219023
25997,0.55928624
25998,0.41912344
25999,0.5527855
26000,0.5301935
26001,0.45555866
26002,0.57652354
26003,0.56728166
26004,0.6132426
26005,0.4118636
26006,0.4414016
26007,0.47556043
26008,0.5529183
26009,0.53376836
26010,0.46202636
26011,0.5376615
26012,0.50791717
26013,0.44364327
26014,0.6349942
26015,0.45913523
26016,0.5547203
26017,0.66616726
26018,0.55451405
26019,0.5995476
26020,0.47272944
26021,0.54775226
26022,0.42533982
26023,0.5449701
26024,0.5183692
26025,0.58795774
26026,0.5745208
26027,0.5506478
26028,0.55369186
26029,0.52403045
26030,0.45634997
26031,0.56058556
26032,0.50286317
26033,0.45830715
26034,0.472981
26035,0.52303195
26036,0.56880635
26037,0.54640245
26038,0.4722995
26039,0.45600882
26040,0.5306282
26041,0.44437772
26042,0.5696306
26043,0.4929232
26044,0.55789727
26045,0.5497957
26046,0.44316
26047,0.53145736
26048,0.48913842
26049,0.53640467
26050,0.541448
26051,0.46200636
26052,0.47395238
26053,0.46650857
26054,0.47574326
26055,0.6275257
26056,0.550887
26057,0.5617532
26058,0.6136873
26059,0.5602438
26060,0.5220372
26061,0.4729074
26062,0.61931944
26063,0.41045442
26064,0.6516024
26065,0.5470581
26066,0.49320477
26067,0.5517817
26068,0.42820212
26069,0.40357846
26070,0.503775
26071,0.46984875
26072,0.5442201
26073,0.4514878
26074,0.4733536
26075,0.45138747
26076,0.6175945
26077,0.46421927
26078,0.43991983
26079,0.5535019
26080,0.4803038
26081,0.51327145
26082,0.7609627
26083,0.56712055
26084,0.57356566
26085,0.49095
26086,0.554159
26087,0.44838852
26088,0.53794104
26089,0.4227664
26090,0.44255129
26091,0.45330697
26092,0.47246766
26093,0.51903
26094,0.48924488
26095,0.5789944
26096,0.4821046
26097,0.5382091
26098,0.4806135
26099,0.6415445
26100,0.461838
26101,0.61903465
26102,0.62606126
26103,0.5702874
26104,0.5184024
26105,0.5532748
26106,0.46929723
26107,0.60061467
26108,0.58412385
26109,0.51965916
26110,0.44895002
26111,0.5648708
26112,0.4753337
26113,0.5760209
26114,0.45416522
26115,0.47031987
26116,0.87738985
26117,0.90654147
26118,0.5462612
26119,0.6202346
26120,0.4494048
26121,0.6878372
26122,0.53586936
26123,0.5573133
26124,0.45385134
26125,0.42815518
26126,0.43900794
26127,0.47969437
26128,0.57265025
26129,0.4889923
26130,0.42226985
26131,0.5553915
26132,0.44785035
26133,0.5251413
26134,0.56290275
26135,0.47377664
26136,0.55679846
26137,0.4131747
26138,0.5899627
26139,0.7005141
26140,0.53713876
26141,0.51496804
26142,0.41486338
26143,0.54203886
26144,0.5506439
26145,0.41961053
26146,0.5561599
26147,0.545727
26148,0.56506944
26149,0.4355254
26150,0.52758807
26151,0.5300775
26152,0.4464481
26153,0.5485034
26154,0.53888553
26155,0.5772909
26156,0.4564134
26157,0.5344396
26158,0.52132976
26159,0.43339983
26160,0.5290689
26161,0.56225145
26162,0.47198153
26163,0.41247433
26164,0.4606666
26165,0.47349334
26166,0.4583348
26167,0.46351004
26168,0.5167593
26169,0.5304121
26170,0.46794307
26171,0.5404963
26172,0.55909735
26173,0.5032769
26174,0.47452435
26175,0.492252
26176,0.5479701
26177,0.5176537
26178,0.50409245
26179,0.5472308
26180,0.387806
26181,0.589332
26182,0.48609203
26183,0.43713424
26184,0.63394487
26185,0.5875731
26186,0.49775007
26187,0.5726453
26188,0.42940864
26189,0.50494176
26190,0.41773927
26191,0.48448095
26192,0.57416856
26193,0.5711954
26194,0.4470213
26195,0.43551227
26196,0.5200629
26197,0.45848206
26198,0.4765458
26199,0.47676954
26200,0.54400253
26201,0.57870215
26202,0.49367324
26203,0.5910339
26204,0.57667804
26205,0.47070336
26206,0.5647724
26207,0.52052253
26208,0.42539337
26209,0.55411017
26210,0.5694048
26211,0.53377175
26212,0.45933044
26213,0.5644834
26214,0.4792822
26215,0.8162353
26216,0.47193062
26217,0.5399708
26218,0.5704771
26219,0.62720203
26220,0.63728833
26221,0.4069463
26222,0.5429178
26223,0.4591173
26224,0.42900306
26225,0.5413573
26226,0.5970493
26227,0.41530934
26228,0.5589515
26229,0.48865914
26230,0.56602734
26231,0.46938473
26232,0.56569344
26233,0.48779675
26234,0.54053825
26235,0.5879378
26236,0.47465953
26237,0.50764555
26238,0.53387326
26239,0.5632276
26240,0.57636815
26241,0.5673712
26242,0.45434535
26243,0.5711944
26244,0.558707
26245,0.54885024
26246,0.4232938
26247,0.48854098
26248,0.5743796
26249,0.46839133
26250,0.69347054
26251,0.5874279
26252,0.5489632
26253,0.46720856
26254,0.4347713
26255,0.5954827
26256,0.6427673
26257,0.48593068
26258,0.60232145
26259,0.48086974
26260,0.40798122
26261,0.5346139
26262,0.4255245
26263,0.48501003
26264,0.5683104
26265,0.5650065
26266,0.7565918
26267,0.55037904
26268,0.56084067
26269,0.9088528
26270,0.5040697
26271,0.50419897
26272,0.53323215
26273,0.539667
26274,0.5635151
26275,0.48417568
26276,0.56602675
26277,0.4595201
26278,0.44218066
26279,0.6715503
26280,0.5487368
26281,0.46530724
26282,0.55998117
26283,0.5730168
26284,0.5782311
26285,0.5488621
26286,0.51417744
26287,0.4997477
26288,0.5134752
26289,0.4808749
26290,0.48253557
26291,0.5363746
26292,0.64601314
26293,0.474624
26294,0.5568197
26295,0.46867076
26296,0.5797755
26297,0.5022804
26298,0.47191343
26299,0.47160247
26300,0.5405663
26301,0.4115662
26302,0.47801617
26303,0.59602195
26304,0.5636943
26305,0.54647064
26306,0.45061076
26307,0.5258272
26308,0.58452547
26309,0.55910605
26310,0.4718423
26311,0.4163655
26312,0.54773664
26313,0.4734575
26314,0.6270689
26315,0.45440316
26316,0.48971027
26317,0.43774536
26318,0.47346795
26319,0.41080534
26320,0.5809126
26321,0.4802559
26322,0.6358223
26323,0.57511926
26324,0.60352373
26325,0.4180497
26326,0.54893583
26327,0.57268953
26328,0.5556817
26329,0.52932197
26330,0.94564366
26331,0.65038925
26332,0.43754998
26333,0.46365237
26334,0.4599444
26335,0.50090766
26336,0.57404405
26337,0.47260448
26338,0.4594761
26339,0.5477319
26340,0.52907014
26341,0.56220734
26342,0.5982474
26343,0.46139324
26344,0.42797586
26345,0.5490252
26346,0.56359565
26347,0.4879837
26348,0.5577084
26349,0.5490725
26350,0.48367682
26351,0.45522192
26352,0.46285018
26353,0.5477023
26354,0.5928086
26355,0.44988808
26356,0.56087136
26357,0.6388916
26358,0.7382197
26359,0.45338094
26360,0.44934306
26361,0.5473207
26362,0.65011555
26363,0.49998412
26364,0.45923355
26365,0.45413035
26366,0.59605694
26367,0.471177
26368,0.46120366
26369,0.507583
26370,0.4121346
26371,0.6781362
26372,0.47970942
26373,0.45503232
26374,0.5436134
26375,0.5504803
26376,0.5866735
26377,0.47024345
26378,0.5462782
26379,0.41283584
26380,0.70432436
26381,0.55763984
26382,0.5041732
26383,0.6913429
26384,0.44804752
26385,0.696834
26386,0.575165
26387,0.45237505
26388,0.54615724
26389,0.4692837
26390,0.54739654
26391,0.479151
26392,0.5486354
26393,0.41277373
26394,0.47294223
26395,0.4697258
26396,0.48175785
26397,0.46896622
26398,0.5809936
26399,0.5899209
26400,0.46162742
26401,0.48799273
26402,0.43865415
26403,0.46902496
26404,0.47480202
26405,0.5464669
26406,0.5840737
26407,0.48460332
26408,0.40994683
26409,0.5714063
26410,0.5104605
26411,0.42565644
26412,0.586209
26413,0.54097337
26414,0.5381912
26415,0.5689779
26416,0.5646698
26417,0.41969422
26418,0.46598864
26419,0.48913985
26420,0.49249014
26421,0.60157007
26422,0.5558535
26423,0.52949625
26424,0.48025465
26425,0.40570143
26426,0.833474
26427,0.47349185
26428,0.48544422
26429,0.5412631
26430,0.4287978
26431,0.5318948
26432,0.4929842
26433,0.55830634
26434,0.7439465
26435,0.4557992
26436,0.5103444
26437,0.46257058
26438,0.49334392
26439,0.65598816
26440,0.5379631
26441,0.679789
26442,0.45322096
26443,0.5598285
26444,0.6713901
26445,0.5916004
26446,0.52402496
26447,0.42301065
26448,0.47886702
26449,0.5482083
26450,0.5134926
26451,0.4968921
26452,0.53589165
26453,0.61313987
26454,0.5411831
26455,0.47227314
26456,0.45741552
26457,0.5624888
26458,0.5589658
26459,0.5841822
26460,0.47830194
26461,0.55037177
26462,0.41140252
26463,0.470937
26464,0.54106957
26465,0.53335285
26466,0.591149
26467,0.57271415
26468,0.5985776
26469,0.4483211
26470,0.5278903
26471,0.47082415
26472,0.46700144
26473,0.5636556
26474,0.58590657
26475,0.5575426
26476,0.54428625
26477,0.4777947
26478,0.4550557
26479,0.49472874
26480,0.5463763
26481,0.5656557
26482,0.52232087
26483,0.5362839
26484,0.515064
26485,0.5870636
26486,0.5814804
26487,0.47030157
26488,0.47291586
26489,0.4834925
26490,0.4823328
26491,0.55717254
26492,0.4219641
26493,0.48712415
26494,0.55376554
26495,0.46338218
26496,0.54729885
26497,0.46215513
26498,0.42378548
26499,0.41292557
26500,0.57621276
26501,0.6478531
26502,0.6235955
26503,0.5372589
26504,0.62162083
26505,0.5705788
26506,0.5331296
26507,0.5491836
26508,0.49903744
26509,0.5470238
26510,0.44070935
26511,0.49504533
26512,0.54234314
26513,0.5724549
26514,0.44899702
26515,0.5335855
26516,0.45282903
26517,0.47443137
26518,0.5310599
26519,0.507321
26520,0.5411659
26521,0.5039353
26522,0.52891666
26523,0.5386781
26524,0.35832122
26525,0.5211472
26526,0.6488091
26527,0.58338785
26528,0.4621711
26529,0.6041477
26530,0.580006
26531,0.53609693
26532,0.4012534
26533,0.5189906
26534,0.54707235
26535,0.49313134
26536,0.58888847
26537,0.44321865
26538,0.5842206
26539,0.71164894
26540,0.43292528
26541,0.42874944
26542,0.51807094
26543,0.5480115
26544,0.6183859
26545,0.5249032
26546,0.4639984
26547,0.5996974
26548,0.5440619
26549,0.47486925
26550,0.41327873
26551,0.5422147
26552,0.53869736
26553,0.5177038
26554,0.52622557
26555,0.4173807
26556,0.467025
26557,0.4704214
26558,0.61124194
26559,0.5001495
26560,0.43700463
26561,0.45183593
26562,0.5182953
26563,0.5098656
26564,0.47083512
26565,0.46917298
26566,0.7799774
26567,0.35603458
26568,0.5492306
26569,0.48440897
26570,0.50621057
26571,0.52062136
26572,0.44165838
26573,0.49718398
26574,0.462173
26575,0.6277069
26576,0.5591305
26577,0.5851481
26578,0.56010073
26579,0.47360656
26580,0.5664454
26581,0.5291547
26582,0.5460913
26583,0.59476435
26584,0.5908523
26585,0.39966422
26586,0.47293714
26587,0.52153087
26588,0.45520833
26589,0.49436286
26590,0.44378144
26591,0.41758427
26592,0.47877312
26593,0.5445263
26594,0.5975236
26595,0.43692365
26596,0.56236446
26597,0.51386154
26598,0.52922434
26599,0.5328013
26600,0.49938744
26601,0.60103476
26602,0.4785604
26603,0.47213075
26604,0.5338857
26605,0.52778244
26606,0.48692006
26607,0.4588569
26608,0.5662122
26609,0.5704672
26610,0.44655
26611,0.61642736
26612,0.43336737
26613,0.54905474
26614,0.59408385
26615,0.48823592
26616,0.5331691
26617,0.56706387
26618,0.57181096
26619,0.5400211
26620,0.4565167
26621,0.46574938
26622,0.45479703
26623,0.47726268
26624,0.5191642
26625,0.5085777
26626,0.6800789
26627,0.46443877
26628,0.59070534
26629,0.7371853
26630,0.43080908
26631,1.0
26632,0.55524856
26633,0.5355275
26634,0.38857317
26635,0.4707531
26636,0.5259491
26637,0.57668775
26638,0.4017661
26639,0.5698275
26640,0.4018999
26641,0.49296352
26642,0.42885375
26643,0.5594876
26644,0.44301465
26645,0.62673116
26646,0.5378986
26647,0.57160103
26648,0.5715601
26649,0.79908717
26650,0.44547805
26651,0.4796687
26652,0.5479381
26653,0.5042654
26654,0.4469863
26655,0.4819404
26656,0.44539467
26657,0.45368975
26658,0.6242962
26659,0.472275
26660,0.5335636
26661,0.68207467
26662,0.73246795
26663,0.42454964
26664,0.5611734
26665,0.4705009
26666,0.6009219
26667,0.48670056
26668,0.5835249
26669,0.41359562
26670,0.46211922
26671,0.50954306
26672,0.5344249
26673,0.48932174
26674,0.47908852
26675,0.4605138
26676,0.52408516
26677,0.47428945
26678,0.5976867
26679,0.6317209
26680,0.5995035
26681,0.5315922
26682,0.40813863
26683,0.39397055
26684,0.42676553
26685,0.5583256
26686,0.5663069
26687,0.45572203
26688,0.4829604
26689,0.46374246
26690,0.5400575
26691,0.52607167
26692,0.76678777
26693,0.44480634
26694,0.56791115
26695,0.594753
26696,0.55688727
26697,0.45961466
26698,0.4660601
26699,0.40121242
26700,0.47960237
26701,0.5790108
26702,0.43937397
26703,0.3969426
26704,0.43903816
26705,0.59666145
26706,0.5968978
26707,0.5704695
26708,0.7149998
26709,0.6169704
26710,0.49994722
26711,0.6280972
26712,0.46775243
26713,0.5135912
26714,0.5254038
26715,0.46875536
26716,0.512153
26717,0.56327236
26718,0.557809
26719,0.564361
26720,0.455234
26721,0.46761918
26722,0.61906016
26723,0.45562077
26724,0.47053227
26725,0.5927476
26726,0.56379455
26727,0.52902114
26728,0.5355891
26729,0.46669874
26730,0.6288156
26731,0.48405704
26732,0.56406695
26733,0.577709
26734,0.43600234
26735,0.58891827
26736,0.46355057
26737,0.5059546
26738,0.42760947
26739,0.6301586
26740,0.5124086
26741,0.49585557
26742,0.4024006
26743,0.55546767
26744,0.489704
26745,0.5972367
26746,0.53258955
26747,0.6051281
26748,0.5317307
26749,0.59154856
26750,0.46602228
26751,0.48353118
26752,0.42142153
26753,0.46588674
26754,0.50400215
26755,0.47796363
26756,0.4117476
26757,0.5470976
26758,0.5486557
26759,0.56464535
26760,0.47769806
26761,0.68215173
26762,0.4213133
26763,0.47080988
26764,0.5842816
26765,0.85436714
26766,0.5570803
26767,0.5131198
26768,0.52299213
26769,0.605165
26770,0.40001795
26771,0.5674987
26772,0.5496894
26773,0.53659374
26774,0.43843216
26775,0.45974094
26776,0.58523744
26777,0.47374308
26778,0.7217526
26779,0.7216332
26780,0.44494283
26781,0.43532923
26782,0.4532914
26783,0.5388311
26784,0.48472816
26785,0.46130902
26786,0.4800496
26787,0.5516005
26788,0.47100097
26789,0.47990945
26790,0.4399768
26791,0.5592537
26792,0.7639553
26793,0.6537219
26794,0.48595068
26795,0.58357704
26796,0.50970536
26797,0.5441995
26798,0.46757358
26799,0.45198625
26800,0.5404734
26801,0.5686686
26802,0.5768156
26803,0.5196781
26804,0.5925422
26805,0.7675259
26806,0.42318797
26807,0.53119767
26808,0.4489813
26809,0.73718446
26810,0.4583516
26811,0.4754566
26812,0.40104458
26813,0.70028806
26814,0.5421943
26815,0.5663773
26816,0.57308584
26817,0.56890154
26818,0.5479409
26819,0.56042105
26820,0.5618487
26821,0.57458216
26822,0.5279897
26823,0.5474417
26824,0.55462706
26825,0.7195883
26826,0.4662642
26827,0.5439877
26828,0.55489707
26829,0.57068694
26830,0.56034297
26831,0.44321483
26832,0.5818255
26833,0.46425998
26834,0.48054972
26835,0.56720096
26836,0.55898494
26837,0.52801937
26838,0.4376527
26839,0.45504755
26840,0.5730406
26841,0.52585244
26842,0.46646622
26843,0.6940087
26844,0.48386014
26845,0.57884324
26846,0.54655594
26847,0.57375026
26848,0.55903184
26849,0.45842347
26850,0.45542413
26851,0.5411727
26852,0.5421111
26853,0.61283123
26854,0.39235035
26855,0.4733986
26856,0.4123581
26857,0.5310211
26858,0.42820227
26859,0.5704429
26860,0.5836829
26861,0.45762503
26862,0.557244
26863,0.5634855
26864,0.47356042
26865,0.45976317
26866,0.55146635
26867,0.5445239
26868,0.58703566
26869,0.53545433
26870,0.54446036
26871,0.47160247
26872,0.53983194
26873,0.4999459
26874,0.4916025
26875,0.5001289
26876,0.4398408
26877,0.55676585
26878,0.47425044
26879,0.42749745
26880,0.4804289
26881,0.57435066
26882,0.47668737
26883,0.5752227
26884,0.5413039
26885,0.55869144
26886,0.73253906
26887,0.55610865
26888,0.47535616
26889,0.39188576
26890,0.45921114
26891,0.5395922
26892,0.55697936
26893,0.5483214
26894,0.60895795
26895,0.55073994
26896,0.5891523
26897,0.5524611
26898,0.6818159
26899,0.49533632
26900,0.47053507
26901,0.5010467
26902,0.5807647
26903,0.46995175
26904,0.55370057
26905,0.40944812
26906,0.5506041
26907,0.5266521
26908,0.42158437
26909,0.46406037
26910,0.46709996
26911,0.53152794
26912,0.4738444
26913,0.52098036
26914,0.45540017
26915,0.5115258
26916,0.4842842
26917,0.9997757
26918,0.38367742
26919,0.5868622
26920,0.570437
26921,0.47111273
26922,0.5512653
26923,0.5554793
26924,0.50314975
26925,0.5519888
26926,0.5596365
26927,0.5560068
26928,0.56948906
26929,0.43257546
26930,0.54266894
26931,0.55068845
26932,0.43921462
26933,0.55728346
26934,0.50530446
26935,0.40271145
26936,0.8646843
26937,0.5610469
26938,0.46747002
26939,0.4751214
26940,0.5472157
26941,0.55137336
26942,0.4650994
26943,0.56767684
26944,0.47399402
26945,0.67286676
26946,0.55424255
26947,0.5345569
26948,0.47117528
26949,0.54779714
26950,0.4309027
26951,0.5849723
26952,0.46876484
26953,0.5398647
26954,0.4455504
26955,0.42041945
26956,0.571757
26957,0.41148123
26958,0.53017336
26959,0.53320515
26960,0.47329378
26961,0.54303473
26962,0.66428214
26963,0.48119837
26964,0.5591421
26965,0.5174245
26966,0.52776057
26967,0.42610872
26968,0.4739791
26969,0.68636787
26970,0.5226493
26971,0.55756295
26972,0.6457714
26973,0.41349062
26974,0.5473695
26975,0.54326636
26976,0.5471149
26977,0.44808507
26978,0.53248405
26979,0.5564047
26980,0.7253734
26981,0.45280483
26982,0.59105253
26983,0.40770113
26984,0.6054577
26985,0.61225134
26986,0.47133273
26987,0.528569
26988,0.5963088
26989,0.4215734
26990,0.53627986
26991,0.64286375
26992,0.53824484
26993,0.5815913
26994,0.59826744
26995,0.42389786
26996,0.53701913
26997,0.45906913
26998,0.5488264
26999,0.523607
27000,0.536688
27001,0.55875957
27002,0.42017162
27003,0.49858302
27004,0.46617377
27005,0.5789176
27006,0.59797025
27007,0.5895363
27008,0.52531683
27009,0.45750204
27010,0.5828153
27011,0.59029734
27012,0.58331466
27013,0.4723733
27014,0.5441298
27015,0.61581254
27016,0.5390861
27017,0.6102136
27018,0.57094985
27019,0.46703383
27020,0.53772587
27021,0.4102021
27022,0.6025318
27023,0.46521956
27024,0.47048435
27025,0.5519836
27026,0.50058013
27027,0.42992795
27028,0.55052936
27029,0.4743139
27030,0.45145443
27031,0.547931
27032,0.5261063
27033,0.58255774
27034,0.56533766
27035,0.5728761
27036,0.5820878
27037,0.4720085
27038,0.5561663
27039,0.44272757
27040,0.5664117
27041,0.528958
27042,0.48963138
27043,0.43776494
27044,0.551688
27045,0.453831
27046,0.49321717
27047,0.42202106
27048,0.41960952
27049,0.624216
27050,0.47205326
27051,0.50911397
27052,0.54401577
27053,0.5750554
27054,0.4139421
27055,0.47677317
27056,0.56338453
27057,0.52642226
27058,0.5132676
27059,0.5521104
27060,0.4676562
27061,0.42289406
27062,0.46181655
27063,0.60239387
27064,0.5620337
27065,0.5536077
27066,0.5674001
27067,0.54112816
27068,0.58276623
27069,0.5332177
27070,0.6519426
27071,0.46061996
27072,0.51483923
27073,0.5508593
27074,0.52753747
27075,0.58120203
27076,0.5433674
27077,0.60241294
27078,0.40963987
27079,0.48133233
27080,0.8771453
27081,0.5978874
27082,0.5431985
27083,0.45835835
27084,0.50677764
27085,0.4788924
27086,0.5498447
27087,0.71819925
27088,0.5087897
27089,0.47486192
27090,0.51933295
27091,0.45383364
27092,0.5663552
27093,0.48398423
27094,0.59099734
27095,0.5443353
27096,0.43176198
27097,0.50998604
27098,0.5080436
27099,0.53638315
27100,0.87139416
27101,0.4699772
27102,0.40602252
27103,0.5320271
27104,0.5704927
27105,0.57509375
27106,0.53621274
27107,0.5412516
27108,0.5568431
27109,0.52114564
27110,0.47167662
27111,0.51768905
27112,0.70369434
27113,0.54288054
27114,0.49632546
27115,0.45925292
27116,0.47385344
27117,0.5820165
27118,0.5386498
27119,0.7441213
27120,0.46656045
27121,0.5469357
27122,0.42949793
27123,0.42415214
27124,0.5231566
27125,0.45723587
27126,0.5725677
27127,0.585669
27128,0.56284285
27129,0.6145219
27130,0.5610313
27131,0.59584415
27132,0.62218094
27133,0.45940384
27134,0.5292929
27135,0.55228585
27136,0.49682283
27137,0.4933359
27138,0.48860016
27139,0.44547018
27140,0.5538262
27141,0.56165636
27142,0.54450023
27143,0.43957105
27144,0.47887033
27145,0.5592558
27146,0.4742287
27147,0.40586826
27148,0.55568844
27149,0.4504115
27150,0.4133296
27151,0.41029114
27152,0.5351011
27153,0.5491859
27154,0.43246773
27155,0.5802558
27156,0.51995486
27157,0.54669976
27158,0.5516306
27159,0.52449757
27160,0.46187478
27161,0.5465824
27162,0.5712181
27163,0.5521372
27164,0.53686595
27165,0.5368383
27166,0.58542734
27167,0.5425377
27168,0.45292085
27169,0.4721848
27170,0.41944742
27171,0.40975228
27172,0.5457693
27173,0.56042564
27174,0.5110783
27175,0.59051836
27176,0.4206657
27177,0.66871315
27178,0.66540396
27179,0.41727576
27180,0.58873487
27181,0.6080881
27182,0.54836637
27183,0.7008666
27184,0.5522729
27185,0.566603
27186,0.45224985
27187,0.45287162
27188,0.38634208
27189,0.49412295
27190,0.49737546
27191,0.46897894
27192,0.48924133
27193,0.6392654
27194,0.47439113
27195,0.4220949
27196,0.49341908
27197,0.45652002
27198,0.58692145
27199,0.5371363
27200,0.42586467
27201,0.45046616
27202,0.55910254
27203,0.47457704
27204,0.5405465
27205,0.55091727
27206,0.47496793
27207,0.48145437
27208,0.5497495
27209,0.41550434
27210,0.5516437
27211,0.41964749
27212,0.4592266
27213,0.5698803
27214,0.5195596
27215,0.4845188
27216,0.5724052
27217,0.48049444
27218,0.8726853
27219,0.41451925
27220,0.7629652
27221,0.61097145
27222,0.5328859
27223,0.48034647
27224,0.5467142
27225,0.46586895
27226,0.69347394
27227,0.54210633
27228,0.6798128
27229,0.4394312
27230,0.46780443
27231,0.5983238
27232,0.68688613
27233,0.53620374
27234,0.486538
27235,0.5159791
27236,0.4614981
27237,0.5606341
27238,0.4252121
27239,0.52240413
27240,0.45445213
27241,0.58702177
27242,0.51815695
27243,0.48412293
27244,0.5972345
27245,0.52361655
27246,0.46985763
27247,0.4176948
27248,0.44619396
27249,0.51472414
27250,0.5859512
27251,0.46735704
27252,0.539959
27253,0.60712713
27254,0.50326306
27255,0.5902115
27256,0.48430526
27257,0.477368
27258,0.6359886
27259,0.5755944
27260,0.522175
27261,0.55821747
27262,0.57097685
27263,0.5414432
27264,0.59984773
27265,0.47216132
27266,0.576156
27267,0.4634678
27268,0.60730964
27269,0.51443624
27270,0.47275242
27271,0.5415875
27272,0.53592587
27273,0.54855293
27274,0.39498216
27275,0.5208564
27276,0.58660406
27277,0.5191451
27278,0.5494887
27279,0.56884044
27280,0.54022276
27281,0.5917298
27282,0.46449614
27283,0.555105
27284,0.5678582
27285,0.44918358
27286,0.45933113
27287,0.4558764
27288,0.5647775
27289,0.42229152
27290,0.58227456
27291,0.49092373
27292,0.5029415
27293,0.53680843
27294,0.5635134
27295,0.46765286
27296,0.45819116
27297,0.6497101
27298,0.46622315
27299,0.47892022
27300,0.5283828
27301,0.4227515
27302,0.5646622
27303,0.47203067
27304,0.5763137
27305,0.6179415
27306,0.5622834
27307,0.7498151
27308,0.5327802
27309,0.5382294
27310,0.52667665
27311,0.5626216
27312,0.57178205
27313,0.40748727
27314,0.5518974
27315,0.4156522
27316,0.55858946
27317,0.5994117
27318,0.429577
27319,0.99948114
27320,0.5468427
27321,0.46778062
27322,0.53521085
27323,0.503656
27324,0.41911203
27325,0.5676515
27326,0.47325543
27327,0.4497622
27328,0.5343041
27329,0.4608719
27330,0.5807648
27331,0.57858825
27332,0.8188257
27333,0.5020866
27334,0.56114113
27335,0.5630308
27336,0.70289224
27337,0.47252014
27338,0.47669718
27339,0.45796102
27340,0.5428769
27341,0.4561802
27342,0.54526454
27343,0.5329701
27344,0.57535326
27345,0.55500484
27346,0.97785765
27347,0.54736
27348,0.42348927
27349,0.47358435
27350,0.42067027
27351,0.46981943
27352,0.434436
27353,0.51537323
27354,0.46550542
27355,0.505099
27356,0.54294986
27357,0.5882564
27358,0.7998136
27359,0.5030511
27360,0.42479682
27361,0.5062721
27362,0.51209223
27363,0.44893324
27364,0.4472366
27365,0.5320917
27366,0.5894565
27367,0.47079498
27368,0.47067848
27369,0.6053266
27370,0.628966
27371,0.5627096
27372,0.47088626
27373,0.69888246
27374,0.5836282
27375,0.52035254
27376,0.4732168
27377,0.49065444
27378,0.43019578
27379,0.7403915
27380,0.45770925
27381,0.5733432
27382,0.41714454
27383,0.45882425
27384,0.45922703
27385,0.47979602
27386,0.40928036
27387,0.6628472
27388,0.43858144
27389,0.54677665
27390,0.59035873
27391,0.4715614
27392,0.6824601
27393,0.4838624
27394,0.5603597
27395,0.4780591
27396,0.78695786
27397,0.47208723
27398,0.4468596
27399,0.52262557
27400,0.47446537
27401,0.4519539
27402,0.5507856
27403,0.56023365
27404,0.52481467
27405,0.6930743
27406,0.551681
27407,0.46595857
27408,0.5689698
27409,0.5387931
27410,0.5284469
27411,0.46777892
27412,0.49111176
27413,0.49143437
27414,0.6386558
27415,0.55574894
27416,0.8911172
27417,0.5531834
27418,0.43080956
27419,0.4616278
27420,0.39374244
27421,0.54516035
27422,0.5029787
27423,0.51422274
27424,0.41979754
27425,0.54606146
27426,0.46066713
27427,0.4786081
27428,0.5391012
27429,0.5903852
27430,0.6480079
27431,0.5249925
27432,0.65163904
27433,0.5724288
27434,0.53296995
27435,0.51772577
27436,0.44173622
27437,0.56874216
27438,0.46163976
27439,0.4032067
27440,0.51422524
27441,0.59757507
27442,0.48550376
27443,0.46639588
27444,0.59059316
27445,0.5567452
27446,0.44439304
27447,0.45886144
27448,0.4789498
27449,0.5578635
27450,0.54066145
27451,0.5733277
27452,0.57124263
27453,0.59683377
27454,0.59859604
27455,0.47863087
27456,0.5393356
27457,0.660065
27458,0.53504694
27459,0.42595053
27460,0.46869564
27461,0.4465813
27462,0.5728279
27463,0.41110268
27464,0.43735713
27465,0.51969564
27466,0.39010957
27467,0.5259962
27468,0.4834822
27469,0.4026029
27470,0.43405584
27471,0.5121521
27472,0.4851572
27473,0.5315686
27474,0.41719717
27475,0.65359306
27476,0.50679815
27477,0.54853326
27478,0.4892938
27479,0.4740347
27480,0.496973
27481,0.5254754
27482,0.51759297
27483,0.6815492
27484,0.48437205
27485,0.5453974
27486,0.457252
27487,0.451102
27488,0.4273101
27489,0.54035145
27490,0.47416306
27491,0.551081
27492,0.3833211
27493,0.55963284
27494,0.45753285
27495,0.6494953
27496,0.4451223
27497,0.55085546
27498,0.46027166
27499,0.45735803
27500,0.42091796
27501,0.45723552
27502,0.45260677
27503,0.52519274
27504,0.47494656
27505,0.5312651
27506,0.5007276
27507,0.56691945
27508,0.4562832
27509,0.4539729
27510,0.5449701
27511,0.5489394
27512,0.539157
27513,0.5368646
27514,0.5624507
27515,0.56182134
27516,0.4372316
27517,0.54820544
27518,0.46132788
27519,0.59094876
27520,0.5717359
27521,0.5449493
27522,0.47270876
27523,0.5746225
27524,0.4472597
27525,0.5542646
27526,0.418697
27527,0.5334572
27528,0.5056453
27529,0.44209766
27530,0.5874576
27531,0.5190155
27532,0.55538034
27533,0.4585297
27534,0.6040888
27535,0.5639761
27536,0.5411543
27537,0.5983217
27538,0.5372666
27539,0.5499441
27540,0.42989066
27541,0.47459322
27542,0.45482954
27543,0.6205195
27544,0.5635511
27545,0.68531144
27546,0.5572763
27547,0.57296
27548,0.5479237
27549,0.45766753
27550,0.551113
27551,0.4635352
27552,0.40415415
27553,0.41984192
27554,0.4708565
27555,0.37938738
27556,0.45513755
27557,0.5310144
27558,0.48400152
27559,0.48448902
27560,0.4710868
27561,0.4491514
27562,0.40566912
27563,0.44206527
27564,0.48399413
27565,0.50550705
27566,0.44598252
27567,0.48524874
27568,0.5672325
27569,0.4590506
27570,0.4551259
27571,0.4838149
27572,0.47926942
27573,0.5791982
27574,0.5460533
27575,0.48149988
27576,0.6076446
27577,0.5646906
27578,0.47262728
27579,0.42772192
27580,0.41288555
27581,0.9075047
27582,0.47357234
27583,0.41235393
27584,0.5741704
27585,0.49715966
27586,0.5584408
27587,0.54982305
27588,0.40269375
27589,0.5533988
27590,0.42026076
27591,0.4419201
27592,0.5107935
27593,0.5548166
27594,0.6634544
27595,0.64359635
27596,0.5695112
27597,0.67334425
27598,0.4432787
27599,0.570772
27600,0.41070032
27601,0.5994114
27602,0.87199533
27603,0.5583868
27604,0.5705996
27605,0.48335695
27606,0.43074453
27607,0.4193937
27608,0.40192682
27609,0.57378364
27610,0.48847333
27611,0.57886046
27612,0.4629314
27613,0.99996793
27614,0.562555
27615,0.4123119
27616,0.4110067
27617,0.5822537
27618,0.5396669
27619,0.56646526
27620,0.48903447
27621,0.52785337
27622,0.4723214
27623,0.5412222
27624,0.4900576
27625,0.54946095
27626,0.64275044
27627,0.5517838
27628,0.44711116
27629,0.5669745
27630,0.4526886
27631,0.5676912
27632,0.38289782
27633,0.5695455
27634,0.4445342
27635,0.5690236
27636,0.4725454
27637,0.55737853
27638,0.54529613
27639,0.5344461
27640,0.48684752
27641,0.501429
27642,0.5683855
27643,0.5214574
27644,0.4659012
27645,0.55398685
27646,0.49757293
27647,0.6331365
27648,0.49677014
27649,0.5264919
27650,0.58446264
27651,0.5726923
27652,0.6127752
27653,0.4423429
27654,0.40480593
27655,0.5038107
27656,0.5226219
27657,0.39031786
27658,0.56154317
27659,0.46596304
27660,0.52392465
27661,0.5290151
27662,0.42657322
27663,0.49011704
27664,0.65276957
27665,0.53634477
27666,0.5933848
27667,0.42528474
27668,0.5405983
27669,0.44521403
27670,0.45204616
27671,0.45408925
27672,0.4194222
27673,0.41999513
27674,0.51416534
27675,0.3934811
27676,0.5056361
27677,0.5222651
27678,0.5479646
27679,0.47092366
27680,0.5646566
27681,0.52775776
27682,0.46331066
27683,0.42361104
27684,0.45626488
27685,0.474408
27686,0.39831227
27687,0.5554527
27688,0.5293251
27689,0.6551643
27690,0.57183325
27691,0.57607126
27692,0.5321521
27693,0.42336848
27694,0.76032627
27695,0.45448455
27696,0.57705855
27697,0.56191504
27698,0.5834589
27699,0.4699575
27700,0.5960988
27701,0.5583122
27702,0.42942435
27703,0.5514077
27704,0.45040387
27705,0.55003846
27706,0.4571045
27707,0.430785
27708,0.4353325
27709,0.4653758
27710,0.49548623
27711,0.5495284
27712,0.48994532
27713,0.47956207
27714,0.45045805
27715,0.5161942
27716,0.61463416
27717,0.5744726
27718,0.46601117
27719,0.44053307
27720,0.46554977
27721,0.46781075
27722,0.55351895
27723,0.4994068
27724,0.5157221
27725,0.48237795
27726,0.5281307
27727,0.6024625
27728,0.5766493
27729,0.47056776
27730,0.47766864
27731,0.44513962
27732,0.45744848
27733,0.47069058
27734,0.4583156
27735,0.6468645
27736,0.70651245
27737,0.53251255
27738,0.5592428
27739,0.5030739
27740,0.4575237
27741,0.40878734
27742,0.6417621
27743,0.51149833
27744,0.44330546
27745,0.46923137
27746,0.7543055
27747,0.4727684
27748,0.51999056
27749,0.5551088
27750,0.5494807
27751,0.474489
27752,0.5293868
27753,0.54996806
27754,0.49228027
27755,0.41561472
27756,0.41669217
27757,0.67728585
27758,0.5287071
27759,0.55463976
27760,0.5084674
27761,0.63559717
27762,0.51149976
27763,0.46002162
27764,0.46065718
27765,0.55910957
27766,0.718201
27767,0.45515698
27768,0.5758515
27769,0.47368565
27770,0.5387408
27771,0.5737322
27772,0.59814787
27773,0.49258953
27774,0.47502235
27775,0.5598815
27776,0.43560594
27777,0.537991
27778,0.871129
27779,0.6669648
27780,0.49404916
27781,0.48820254
27782,0.43659267
27783,0.44957614
27784,0.52936417
27785,0.7106545
27786,0.5274025
27787,0.52314323
27788,0.61630374
27789,0.55608135
27790,0.5501981
27791,0.4729296
27792,0.55465025
27793,0.5841675
27794,0.5602297
27795,0.5070307
27796,0.45278454
27797,0.57738686
27798,0.53857577
27799,0.47080517
27800,0.46482387
27801,0.47766343
27802,0.5513386
27803,0.43944895
27804,0.516268
27805,0.56792915
27806,0.49030846
27807,0.6553701
27808,0.5697064
27809,0.61855626
27810,0.46136594
27811,0.48093948
27812,0.55170184
27813,0.4736891
27814,0.57902074
27815,0.560274
27816,0.6369302
27817,0.772421
27818,0.48938164
27819,0.39799124
27820,0.46987766
27821,0.6208847
27822,0.39842495
27823,0.5638698
27824,0.5044852
27825,0.52823323
27826,0.5374541
27827,0.5138397
27828,0.5893852
27829,0.6957572
27830,0.47120154
27831,0.4704364
27832,0.60370064
27833,0.5364698
27834,0.47358575
27835,0.5244152
27836,0.54840356
27837,0.5436305
27838,0.53873277
27839,0.5498704
27840,0.4568879
27841,0.43763968
27842,0.45825675
27843,0.44165236
27844,0.5367714
27845,0.5556055
27846,0.5697034
27847,0.46982127
27848,0.42041802
27849,0.49299422
27850,0.46637455
27851,0.45639655
27852,0.46681774
27853,0.42876074
27854,0.50436294
27855,0.4747655
27856,0.6349389
27857,0.6255461
27858,0.4955387
27859,0.5835544
27860,0.5473556
27861,0.5275318
27862,0.5993457
27863,0.42228034
27864,0.5487973
27865,0.56420225
27866,0.6363683
27867,0.43098924
27868,0.49044606
27869,0.5760195
27870,0.4521111
27871,0.5418629
27872,0.58892196
27873,0.6418401
27874,0.5290587
27875,0.5056621
27876,0.5454527
27877,0.6922293
27878,0.54571193
27879,0.54865474
27880,0.4608642
27881,0.41886657
27882,0.5860199
27883,0.6698901
27884,0.4754319
27885,0.4793047
27886,0.4342214
27887,0.5468152
27888,0.5900421
27889,0.48089537
27890,0.5269193
27891,0.52695185
27892,0.47440904
27893,0.45070332
27894,0.5093476
27895,0.549275
27896,0.55307776
27897,0.47695574
27898,0.9164282
27899,0.522684
27900,0.5325716
27901,0.55075276
27902,0.5234906
27903,0.6560904
27904,0.41958207
27905,0.55397743
27906,0.5879678
27907,0.4403156
27908,0.5220741
27909,0.48454064
27910,0.59083897
27911,0.47317773
27912,0.40331084
27913,0.43841302
27914,0.6541688
27915,0.6119821
27916,0.5255837
27917,0.6871482
27918,0.72407717
27919,0.47297275
27920,0.48043045
27921,0.67916536
27922,0.89093727
27923,0.5467171
27924,0.5596561
27925,0.41470158
27926,0.46255913
27927,0.5667205
27928,0.5471063
27929,0.5349511
27930,0.27762905
27931,0.3986389
27932,0.44440457
27933,0.47465685
27934,0.45278025
27935,0.6226568
27936,0.43537098
27937,0.55236065
27938,0.5591639
27939,0.5449078
27940,0.5473236
27941,0.55064976
27942,0.47399956
27943,0.6854127
27944,0.5915302
27945,0.7082762
27946,0.4525187
27947,0.63179594
27948,0.53356737
27949,0.43739003
27950,0.5210263
27951,0.43343773
27952,0.58174926
27953,0.52298754
27954,0.5437182
27955,0.5653881
27956,0.5326466
27957,0.5815881
27958,0.5427595
27959,0.52868015
27960,0.5585757
27961,0.59167516
27962,0.55552447
27963,0.5019073
27964,0.54240566
27965,0.5331621
27966,0.57832307
27967,0.5591882
27968,0.42876458
27969,0.5332844
27970,0.52576214
27971,0.55348074
27972,0.46145448
27973,0.5312492
27974,0.465806
27975,0.52741396
27976,0.59759045
27977,0.45392025
27978,0.41466114
27979,0.47750956
27980,0.6475704
27981,0.59366244
27982,0.48998538
27983,0.41750234
27984,0.5536893
27985,0.4367128
27986,0.42288518
27987,0.47442394
27988,0.5291994
27989,0.6057491
27990,0.43899295
27991,0.46520856
27992,0.48147744
27993,0.482706
27994,0.60151744
27995,0.6782283
27996,0.57079685
27997,0.5563601
27998,0.47834352
27999,0.5696689
28000,0.57292134
28001,0.4752305
28002,0.51146656
28003,0.5473091
28004,0.5082947
28005,0.48284894
28006,0.611341
28007,0.5592611
28008,0.47608417
28009,0.49581754
28010,0.5583249
28011,0.6090777
28012,0.5768629
28013,0.44881022
28014,0.47225198
28015,0.4388086
28016,0.46292898
28017,0.5270711
28018,0.52525514
28019,0.45976663
28020,0.56755036
28021,0.52889824
28022,0.47238022
28023,0.542217
28024,0.5619988
28025,0.52198076
28026,0.6043036
28027,0.57669705
28028,0.46188188
28029,0.5693077
28030,0.4211684
28031,0.6285608
28032,0.4750956
28033,0.4246402
28034,0.5443162
28035,0.48173374
28036,0.5329554
28037,0.53359354
28038,0.54188395
28039,0.5435182
28040,0.61434245
28041,0.5671132
28042,0.40452883
28043,0.5355292
28044,0.5968343
28045,0.49652275
28046,0.48321617
28047,0.57931554
28048,0.5685629
28049,0.7721596
28050,0.5499528
28051,0.44327846
28052,0.5225636
28053,0.55370975
28054,0.6325046
28055,0.43030426
28056,1.0
28057,0.6783025
28058,0.49520984
28059,0.48700172
28060,0.53060997
28061,0.52896994
28062,0.5437091
28063,0.43876317
28064,0.49458024
28065,0.47442043
28066,0.50410515
28067,0.43643907
28068,0.45264232
28069,0.5694275
28070,0.5862068
28071,0.5453411
28072,0.58470106
28073,0.4549648
28074,0.5665262
28075,0.54146767
28076,0.5978941
28077,0.47409436
28078,0.55132914
28079,0.4962167
28080,0.47110215
28081,0.39151144
28082,0.550418
28083,0.45528084
28084,0.5704644
28085,0.75226414
28086,0.45123553
28087,0.615689
28088,0.6198515
28089,0.46527955
28090,0.43228942
28091,0.5517895
28092,0.47407642
28093,0.47370392
28094,0.4691689
28095,0.4969485
28096,0.6280738
28097,0.48016635
28098,0.56437767
28099,0.84452546
28100,0.57990456
28101,0.46060267
28102,0.54563475
28103,0.46278986
28104,0.5471668
28105,0.5000437
28106,0.5583317
28107,0.5745982
28108,0.4330731
28109,0.5656109
28110,0.7373669
28111,0.52311385
28112,0.54478943
28113,0.5845942
28114,0.5375949
28115,0.66058755
28116,0.4978573
28117,0.56762993
28118,0.54837656
28119,0.5834509
28120,0.56857747
28121,0.44293523
28122,0.5698525
28123,0.5332411
28124,0.38595685
28125,0.43303668
28126,0.46739957
28127,0.53900707
28128,0.5210492
28129,0.567711
28130,0.4762576
28131,0.55464303
28132,0.5273719
28133,0.6275672
28134,0.4698713
28135,0.40535918
28136,0.49387938
28137,0.4462641
28138,0.64580554
28139,0.52991176
28140,0.7378955
28141,0.5569158
28142,0.52728695
28143,0.5193562
28144,0.4528687
28145,0.50760853
28146,0.533799
28147,0.4742204
28148,0.619443
28149,0.42066115
28150,0.44608074
28151,0.40786773
28152,0.524585
28153,0.45890498
28154,0.5406949
28155,0.47706592
28156,0.5701889
28157,0.44058588
28158,0.4765696
28159,0.52044296
28160,0.54707396
28161,0.5482896
28162,0.5454285
28163,0.4619342
28164,0.9006206
28165,0.4077314
28166,0.7515564
28167,0.5854907
28168,0.5707682
28169,0.5572216
28170,0.45025524
28171,0.47339034
28172,0.47156662
28173,0.54314184
28174,0.5488569
28175,0.40169874
28176,0.55374515
28177,0.4991477
28178,0.46827203
28179,0.5256601
28180,0.45909476
28181,0.4129936
28182,0.5625273
28183,0.57862365
28184,0.4651396
28185,0.5553794
28186,0.4495938
28187,0.5931942
28188,0.5189087
28189,0.5294355
28190,0.53193986
28191,0.46810436
28192,0.5253022
28193,0.4264541
28194,0.53130454
28195,0.5502577
28196,0.44232866
28197,0.58333206
28198,0.58155906
28199,0.6832175
28200,0.44506517
28201,0.68042684
28202,0.41407084
28203,0.50526965
28204,0.44443417
28205,0.6032494
28206,0.5329574
28207,0.65532166
28208,0.5803302
28209,0.5434016
28210,0.5593729
28211,0.53429496
28212,0.5624321
28213,0.56456053
28214,0.40206215
28215,0.40716025
28216,0.55336446
28217,0.8064684
28218,0.5761668
28219,0.47871295
28220,0.44588676
28221,0.52133065
28222,0.56649965
28223,0.79632497
28224,0.4034328
28225,0.50394094
28226,0.6393869
28227,0.65737027
28228,0.46651945
28229,0.5196303
28230,0.5712848
28231,0.552164
28232,0.57187694
28233,0.5360542
28234,0.49610963
28235,0.4802843
28236,0.56307626
28237,0.7045063
28238,0.5299305
28239,0.5087212
28240,0.50792164
28241,0.4208853
28242,0.5342245
28243,0.57651395
28244,0.48690292
28245,0.57843494
28246,0.5677245
28247,0.61197376
28248,0.46296787
28249,0.50321007
28250,0.54368
28251,0.4860526
28252,0.5470338
28253,0.4537723
28254,0.40383834
28255,0.4614763
28256,0.46024352
28257,0.45678675
28258,0.47220773
28259,0.5760432
28260,0.5120557
28261,0.53125626
28262,0.4985707
28263,0.5993038
28264,0.59614635
28265,0.5489964
28266,0.45781618
28267,0.75590706
28268,0.53798443
28269,0.55339086
28270,0.48527852
28271,0.5054571
28272,0.47809508
28273,0.471579
28274,0.54397327
28275,0.5578942
28276,0.46508518
28277,0.57205564
28278,0.47480446
28279,0.5406459
28280,0.40480015
28281,0.5470381
28282,0.49844563
28283,0.4752397
28284,0.5895418
28285,0.6448064
28286,0.44478184
28287,0.47116697
28288,0.38873273
28289,0.5576181
28290,0.6760935
28291,0.53943604
28292,0.56418055
28293,0.59856546
28294,0.51096267
28295,0.46260795
28296,0.4777949
28297,0.40339535
28298,0.46114194
28299,0.583831
28300,0.84503233
28301,0.46369115
28302,0.5646414
28303,0.52535266
28304,0.50191
28305,0.55402744
28306,0.515239
28307,0.50930667
28308,0.47532496
28309,0.5260508
28310,0.45075575
28311,0.59713995
28312,0.50906765
28313,0.53746724
28314,0.4499366
28315,0.6181096
28316,0.4965983
28317,0.5441003
28318,0.51799536
28319,0.60112786
28320,0.5647522
28321,0.4991458
28322,0.5428074
28323,0.5716747
28324,0.43972704
28325,0.62269574
28326,0.5957739
28327,0.5271179
28328,0.55374724
28329,0.41496876
28330,0.5331234
28331,0.45436263
28332,0.50305647
28333,0.49562493
28334,0.43163705
28335,0.5561117
28336,0.56200033
28337,0.50988585
28338,0.5209738
28339,0.5256419
28340,0.53978413
28341,0.57806414
28342,0.5695225
28343,0.5506422
28344,0.41636807
28345,0.54235095
28346,0.5244899
28347,0.56362027
28348,0.55577886
28349,0.47482353
28350,0.47271803
28351,0.569854
28352,0.52860206
28353,0.4798877
28354,0.47705775
28355,0.47189784
28356,0.4209015
28357,0.578653
28358,0.55687034
28359,0.61172754
28360,0.56120825
28361,0.46412992
28362,0.55631036
28363,0.5240094
28364,0.51386523
28365,0.44995305
28366,0.5454565
28367,0.53831
28368,0.4465866
28369,0.65442514
28370,0.42154038
28371,0.5841324
28372,0.72430825
28373,0.5696756
28374,0.42694846
28375,0.57215136
28376,0.5794167
28377,0.47657377
28378,0.53286797
28379,0.5246039
28380,0.55663526
28381,0.58170944
28382,0.54359
28383,0.71396726
28384,0.48464736
28385,0.7018795
28386,0.63692194
28387,0.50520784
28388,0.46703035
28389,0.518702
28390,0.41631588
28391,0.5475544
28392,0.57093096
28393,0.7321391
28394,0.5995115
28395,0.428715
28396,0.5271482
28397,0.44944286
28398,0.35929286
28399,0.58676046
28400,0.53054684
28401,0.47939473
28402,0.46835253
28403,0.4721582
28404,0.56274605
28405,0.5798868
28406,0.4629577
28407,0.6147877
28408,0.4679209
28409,0.46749288
28410,0.48545364
28411,0.47617337
28412,0.532795
28413,0.46944207
28414,0.46427238
28415,0.47239584
28416,0.50972587
28417,0.58191437
28418,0.40931803
28419,0.42325974
28420,0.63846815
28421,0.45272866
28422,0.5350567
28423,0.54930985
28424,0.45619065
28425,0.52599204
28426,0.4710991
28427,0.58179736
28428,0.5428573
28429,0.5535253
28430,0.41813448
28431,0.5938528
28432,0.5267584
28433,0.5091537
28434,0.53434014
28435,0.39745203
28436,0.41091606
28437,0.48295897
28438,0.46462274
28439,0.5501702
28440,0.45958754
28441,0.56118953
28442,0.5442839
28443,0.48190615
28444,0.47744206
28445,0.4668653
28446,0.4535212
28447,0.5476584
28448,0.48301804
28449,0.413081
28450,0.52869946
28451,0.5639365
28452,0.5248856
28453,0.5713521
28454,0.46946895
28455,0.5472064
28456,0.47996768
28457,0.4790054
28458,0.7148895
28459,0.44203886
28460,0.8781407
28461,0.5762153
28462,0.47350734
28463,0.5357317
28464,0.5241127
28465,0.52113724
28466,0.47173533
28467,0.5424141
28468,0.42318356
28469,0.43109173
28470,0.5311866
28471,0.44479704
28472,0.46787193
28473,0.58353156
28474,0.5565459
28475,0.46867767
28476,0.51191604
28477,0.53377575
28478,0.61741644
28479,0.4626387
28480,0.42041653
28481,0.45558348
28482,0.47827667
28483,0.48050728
28484,0.5784036
28485,0.5419575
28486,0.3962482
28487,0.5371006
28488,0.56297714
28489,0.47489858
28490,0.5666484
28491,0.70243657
28492,0.5463647
28493,0.59783685
28494,0.5360231
28495,0.54708225
28496,0.57187176
28497,0.53247833
28498,0.5330701
28499,0.566599
28500,0.4480183
28501,0.52963275
28502,0.6760648
28503,0.5345552
28504,0.4845529
28505,0.46375775
28506,0.53508496
28507,0.49329603
28508,0.7051736
28509,0.54838353
28510,0.4750013
28511,0.548843
28512,0.47900686
28513,0.5213237
28514,0.54961574
28515,0.45342964
28516,0.52249753
28517,0.62674505
28518,0.42763752
28519,0.5601372
28520,0.51676506
28521,0.44623244
28522,0.48601472
28523,0.45084277
28524,0.60260326
28525,0.5360027
28526,0.52886176
28527,0.4797402
28528,0.43709248
28529,0.46579912
28530,0.42639723
28531,0.5627872
28532,0.48222128
28533,0.4698236
28534,0.5483984
28535,0.50439924
28536,0.545385
28537,0.60007036
28538,0.57184196
28539,0.78452986
28540,0.4702855
28541,0.56265867
28542,0.5152644
28543,0.4880247
28544,0.5402137
28545,0.51762694
28546,0.51292396
28547,0.46474746
28548,0.46138835
28549,0.7645675
28550,0.4008807
28551,0.37819764
28552,0.45143434
28553,0.62104446
28554,0.4103129
28555,0.4741522
28556,0.49828115
28557,0.5824555
28558,0.72869694
28559,0.44581386
28560,0.50369024
28561,0.8763116
28562,0.53291225
28563,0.572443
28564,0.55049276
28565,0.4238863
28566,0.5431568
28567,0.48566046
28568,0.54463446
28569,0.5635081
28570,0.47121546
28571,0.45825607
28572,0.558076
28573,0.5512671
28574,0.55439866
28575,0.5724041
28576,0.5752795
28577,0.679632
28578,0.5680289
28579,0.61959445
28580,0.52301466
28581,0.46973103
28582,0.54691076
28583,0.55282164
28584,0.5550571
28585,0.42600313
28586,0.5579822
28587,0.57305765
28588,0.5618718
28589,0.567596
28590,0.7621603
28591,0.6469683
28592,0.47340614
28593,0.5194581
28594,0.6481635
28595,0.5133728
28596,0.39669347
28597,0.6330111
28598,0.56162626
28599,0.4688977
28600,0.5479809
28601,0.54127634
28602,0.5391292
28603,0.62053585
28604,0.4984467
28605,0.53862625
28606,0.41047883
28607,0.47487694
28608,0.5490292
28609,0.58225787
28610,0.4393877
28611,0.48061013
28612,0.76112926
28613,0.40698943
28614,0.53544396
28615,0.4177894
28616,0.46915025
28617,0.47828987
28618,0.48341712
28619,0.5405344
28620,0.5284679
28621,0.5778801
28622,0.4772153
28623,0.5641504
28624,0.45905185
28625,0.5172939
28626,0.4885875
28627,0.7648326
28628,0.5471998
28629,0.58900696
28630,0.49195948
28631,0.5409317
28632,0.57888424
28633,0.46353108
28634,0.5933505
28635,0.44813967
28636,0.55068195
28637,0.6063715
28638,0.5440908
28639,0.46148017
28640,0.4725949
28641,0.4600432
28642,0.47947136
28643,0.4376512
28644,0.7734256
28645,0.4765255
28646,0.57032126
28647,0.7294089
28648,0.57982945
28649,0.44689304
28650,0.4722919
28651,0.4697353
28652,0.5708422
28653,0.52492386
28654,0.41578352
28655,0.5305757
28656,0.43482205
28657,0.47345427
28658,0.46350485
28659,0.57781345
28660,0.55021834
28661,0.5114868
28662,0.5111604
28663,0.5735657
28664,0.4302715
28665,0.45870286
28666,0.46805492
28667,0.53914964
28668,0.46025956
28669,0.61063296
28670,0.5685358
28671,0.587099
28672,0.54188937
28673,0.5002387
28674,0.4862411
28675,0.41589147
28676,0.4579088
28677,0.5431619
28678,0.4694852
28679,0.4428554
28680,0.5804253
28681,0.4760875
28682,0.5272091
28683,0.5464811
28684,0.56124604
28685,0.45051393
28686,0.51636344
28687,0.57604885
28688,0.5927105
28689,0.5373781
28690,0.4999245
28691,0.8113589
28692,0.56933707
28693,0.43891346
28694,0.45517355
28695,0.5711059
28696,0.43848372
28697,0.5251646
28698,0.5549255
28699,0.4632585
28700,0.5554213
28701,0.50551164
28702,0.55811846
28703,0.5032992
28704,0.5802054
28705,0.5101199
28706,0.6786717
28707,0.50640076
28708,0.4848609
28709,0.44814894
28710,0.5775255
28711,0.5327575
28712,0.4727726
28713,0.42608595
28714,0.48152232
28715,0.5732877
28716,0.51545674
28717,0.5674486
28718,0.7609856
28719,0.5321226
28720,0.42243373
28721,0.55267966
28722,0.55155534
28723,0.460593
28724,0.43662578
28725,0.47054464
28726,0.45359895
28727,0.4419889
28728,0.5669353
28729,0.62427026
28730,0.46884173
28731,0.5104973
28732,0.47262505
28733,0.42845333
28734,0.50912493
28735,0.4714325
28736,0.5719601
28737,0.49724638
28738,0.65264463
28739,0.5378693
28740,0.5557615
28741,0.4346073
28742,0.42090493
28743,0.5708196
28744,0.4710471
28745,0.5398505
28746,0.6209268
28747,0.49031347
28748,0.5543046
28749,0.46565625
28750,0.5094614
28751,0.6162276
28752,0.44176468
28753,0.46636677
28754,0.4152791
28755,0.5929501
28756,0.55389696
28757,0.4707596
28758,0.5518123
28759,0.47755784
28760,0.55683935
28761,0.46289912
28762,0.4329072
28763,0.5216266
28764,0.57217443
28765,0.5267593
28766,0.5668237
28767,0.49659374
28768,0.46914607
28769,0.46437728
28770,0.5415623
28771,0.5980261
28772,0.72188675
28773,0.7355726
28774,0.4753195
28775,0.5548812
28776,0.5118476
28777,0.4793796
28778,0.54652596
28779,0.38304323
28780,0.5589176
28781,0.57900643
28782,0.50610036
28783,0.5997357
28784,0.5476244
28785,0.47436318
28786,0.51838446
28787,0.6364148
28788,0.4543241
28789,0.4801448
28790,0.47021508
28791,0.59727895
28792,0.6341044
28793,0.5981022
28794,0.48466712
28795,0.5091486
28796,0.6783284
28797,0.555885
28798,0.5297429
28799,0.52137953
28800,0.48901415
28801,0.44202012
28802,0.620785
28803,0.46210334
28804,0.44377908
28805,0.55269784
28806,0.39951262
28807,0.42659858
28808,0.48460945
28809,0.4768202
28810,0.45522523
28811,0.4553491
28812,0.48882878
28813,0.5609191
28814,0.4769168
28815,0.4626911
28816,0.5205964
28817,0.42536688
28818,0.55304474
28819,0.47014847
28820,0.7963983
28821,0.4332157
28822,0.4013202
28823,0.64956546
28824,0.67225826
28825,0.4753259
28826,0.46075308
28827,0.5026974
28828,0.57392156
28829,0.79448974
28830,0.55940586
28831,0.5236862
28832,0.45782173
28833,0.4071083
28834,0.39892587
28835,0.40308028
28836,0.4452792
28837,0.5054429
28838,0.59302884
28839,0.42389858
28840,0.4828495
28841,0.5470572
28842,0.5965378
28843,0.64590806
28844,0.6626496
28845,0.559478
28846,0.5433746
28847,0.4775109
28848,0.5233409
28849,0.4711658
28850,0.7959088
28851,0.5317105
28852,0.5882988
28853,0.52398306
28854,0.44680548
28855,0.4214051
28856,0.53199
28857,0.5588687
28858,0.40756392
28859,0.5571083
28860,0.4229706
28861,0.4233037
28862,0.4738999
28863,0.4262623
28864,0.57659084
28865,0.5559683
28866,0.49752057
28867,0.47574955
28868,0.66066384
28869,0.6543978
28870,0.4268023
28871,0.458098
28872,0.54428285
28873,0.48194882
28874,0.5633489
28875,0.5672932
28876,0.5497137
28877,0.4271413
28878,0.5704087
28879,0.74795026
28880,0.52922374
28881,0.5013381
28882,0.5569033
28883,0.5650009
28884,0.5162348
28885,0.44389117
28886,0.54777986
28887,0.5032444
28888,0.57875854
28889,0.44378734
28890,0.4421742
28891,0.37562892
28892,0.48040792
28893,0.4788378
28894,0.4596784
28895,0.638759
28896,0.4118063
28897,0.42558622
28898,0.49161053
28899,0.6942235
28900,0.5842015
28901,0.53992367
28902,0.4546383
28903,0.5317244
28904,0.5397266
28905,0.53285927
28906,0.4283622
28907,0.4292816
28908,0.5585798
28909,0.5776924
28910,0.53646123
28911,0.48067158
28912,0.5529555
28913,0.7079619
28914,0.4184637
28915,0.4594155
28916,0.447423
28917,0.5543875
28918,0.6650573
28919,0.42827934
28920,0.44342095
28921,0.55134666
28922,0.39922905
28923,0.56432605
28924,0.547018
28925,0.47236574
28926,0.3955344
28927,0.45937485
28928,0.41646606
28929,0.5063219
28930,0.47079828
28931,0.5637702
28932,0.5534912
28933,0.44931087
28934,0.47282654
28935,0.5724681
28936,0.42480245
28937,0.537495
28938,0.57223415
28939,0.5673873
28940,0.51467955
28941,0.45148253
28942,0.504475
28943,0.45461452
28944,0.55533075
28945,0.55209804
28946,0.67559755
28947,0.5322224
28948,0.54462564
28949,0.46995845
28950,0.5578687
28951,0.5859791
28952,0.5966895
28953,0.5587812
28954,0.4627729
28955,0.5245297
28956,0.5519119
28957,0.5806227
28958,0.56508887
28959,0.52917814
28960,0.5556885
28961,0.3976702
28962,0.4804673
28963,0.42884955
28964,0.5913435
28965,0.4578556
28966,0.54208463
28967,0.5524649
28968,0.5925311
28969,0.529922
28970,0.52752787
28971,0.53352773
28972,0.4561801
28973,0.47375455
28974,0.50495946
28975,0.47098595
28976,0.462402
28977,0.520955
28978,0.499479
28979,0.38980845
28980,0.5563065
28981,0.5413204
28982,0.53123724
28983,0.53793085
28984,0.5849319
28985,0.44583675
28986,0.6321993
28987,0.4282305
28988,0.4945545
28989,0.45633757
28990,0.54897237
28991,0.69724166
28992,0.56966597
28993,0.48397925
28994,0.54401875
28995,0.581602
28996,0.5250659
28997,0.5623087
28998,0.46612313
28999,0.4637825
29000,0.5337947
29001,0.47372895
29002,0.5473569
29003,0.5206279
29004,0.38197547
29005,0.4442038
29006,0.56246
29007,0.49185207
29008,0.47916687
29009,0.44001517
29010,0.5361575
29011,0.46205693
29012,0.472521
29013,0.46565497
29014,0.50091666
29015,0.47742504
29016,0.5595947
29017,0.43438166
29018,0.389577
29019,0.5772806
29020,0.66686326
29021,0.52262837
29022,0.5347935
29023,0.54704785
29024,0.7684423
29025,0.5120992
29026,0.99661446
29027,0.5831692
29028,0.43129066
29029,0.8510124
29030,0.60096043
29031,0.4224731
29032,0.5042366
29033,0.6122143
29034,0.47111326
29035,0.5459997
29036,0.45277667
29037,0.53895754
29038,0.4510864
29039,0.4590542
29040,0.44989997
29041,0.5484537
29042,0.46618775
29043,0.4835482
29044,0.45193642
29045,0.5606446
29046,0.57614684
29047,0.47023642
29048,0.55133396
29049,0.5119833
29050,0.5511475
29051,0.4562932
29052,0.5351329
29053,0.55168265
29054,0.47223747
29055,0.5681112
29056,0.54522854
29057,0.5342405
29058,0.38614774
29059,0.52800614
29060,0.64096934
29061,0.4616265
29062,0.5556099
29063,0.50940305
29064,0.8472282
29065,0.5343388
29066,0.61071825
29067,0.54746693
29068,0.45929366
29069,0.4974424
29070,0.47920766
29071,0.43677884
29072,0.53100187
29073,0.5475261
29074,0.46085092
29075,0.42724597
29076,0.50008184
29077,0.57176924
29078,0.59168494
29079,0.5701302
29080,0.6272586
29081,0.46821907
29082,0.5936929
29083,0.72603005
29084,0.4590889
29085,0.45304844
29086,0.5369334
29087,0.3862509
29088,0.40622818
29089,0.53501856
29090,0.5353394
29091,0.5428162
29092,0.46008444
29093,0.4772074
29094,0.5387646
29095,0.6233004
29096,0.5200952
29097,0.5126731
29098,0.43588984
29099,0.47102177
29100,0.4197656
29101,0.58162004
29102,0.40654632
29103,0.4750366
29104,0.5127581
29105,0.56581974
29106,0.500746
29107,0.4341319
29108,0.4149631
29109,0.5502031
29110,0.43152922
29111,0.58003515
29112,0.47138062
29113,0.49717602
29114,0.50817657
29115,0.4687313
29116,0.59098905
29117,0.5174384
29118,0.53825456
29119,0.4857307
29120,0.50432396
29121,0.47505543
29122,0.49863318
29123,0.5340548
29124,0.62256885
29125,0.47380772
29126,0.71979177
29127,0.4211459
29128,0.50500965
29129,0.47986093
29130,0.40042436
29131,0.46145925
29132,0.44289836
29133,0.8545365
29134,0.41426784
29135,0.7053988
29136,0.4590727
29137,0.5353023
29138,0.5014333
29139,0.5357925
29140,0.5378781
29141,0.57605034
29142,0.5174841
29143,0.49120867
29144,0.54246736
29145,0.5468522
29146,0.53452927
29147,0.5445403
29148,0.45242807
29149,0.5626391
29150,0.4304601
29151,0.46046025
29152,0.47431135
29153,0.53967875
29154,0.66122997
29155,0.63108397
29156,0.55525357
29157,0.56617033
29158,0.5412134
29159,0.5749609
29160,0.5417558
29161,0.4688891
29162,0.51233083
29163,0.49930215
29164,0.53340834
29165,0.5272645
29166,0.45437095
29167,0.5317332
29168,0.94947404
29169,0.50367045
29170,0.66922647
29171,0.7415396
29172,0.6118844
29173,0.49524048
29174,0.49987534
29175,0.57814944
29176,0.5646696
29177,0.52811176
29178,0.56197655
29179,0.42298138
29180,0.5277881
29181,0.54248565
29182,0.45904946
29183,0.54335207
29184,0.40483567
29185,0.5330659
29186,0.57659817
29187,0.5450599
29188,0.4816485
29189,0.54024297
29190,0.48332602
29191,0.59577954
29192,0.5788303
29193,0.5567362
29194,0.6543804
29195,0.48772806
29196,0.5520061
29197,0.4729556
29198,0.53766686
29199,0.5883849
29200,0.551463
29201,0.52354956
29202,0.5063435
29203,0.44196975
29204,0.40708333
29205,0.5665308
29206,0.43329942
29207,0.52719724
29208,0.47891507
29209,0.60037094
29210,0.6812763
29211,0.5010731
29212,0.47433686
29213,0.60187536
29214,0.7298485
29215,0.47121155
29216,0.4834551
29217,0.38764623
29218,0.5288925
29219,0.50265616
29220,0.5689256
29221,0.44398206
29222,0.4926899
29223,0.57557434
29224,0.5622095
29225,0.50633055
29226,0.5131033
29227,0.5263438
29228,0.47111714
29229,0.4765839
29230,0.40960762
29231,0.46436024
29232,0.45693192
29233,0.5996746
29234,0.4656405
29235,0.47662878
29236,0.54338515
29237,0.41203558
29238,0.4276225
29239,0.43668038
29240,0.546867
29241,0.54273057
29242,0.5480947
29243,0.3779514
29244,0.5565362
29245,0.48319992
29246,0.45303833
29247,0.46957746
29248,0.63368773
29249,0.47515187
29250,0.5133909
29251,0.5669664
29252,0.46914402
29253,0.47963485
29254,0.5627285
29255,0.5398545
29256,0.63926786
29257,0.51660645
29258,0.5057572
29259,0.43446457
29260,0.5261371
29261,0.6060637
29262,0.5455222
29263,0.4424255
29264,0.46447724
29265,0.4954229
29266,0.45061857
29267,0.41972798
29268,0.5652173
29269,0.5418268
29270,0.5621317
29271,0.6570441
29272,0.5781389
29273,0.43786588
29274,0.5447648
29275,0.47177294
29276,0.46019146
29277,0.5555482
29278,0.6513792
29279,0.4728095
29280,0.5171691
29281,0.46933788
29282,0.47371662
29283,0.5181666
29284,0.6342204
29285,0.3938951
29286,0.47765574
29287,0.58455944
29288,0.5696604
29289,0.52258694
29290,0.5303965
29291,0.6439892
29292,0.57531106
29293,0.63922656
29294,0.41020697
29295,0.5798157
29296,0.52958244
29297,0.4839973
29298,0.41369495
29299,0.6234976
29300,0.5766197
29301,0.50250983
29302,0.4740457
29303,0.5515297
29304,0.5574299
29305,0.5013929
29306,0.5333018
29307,0.5650181
29308,0.5622022
29309,0.47550744
29310,0.56162035
29311,0.58038914
29312,0.58989084
29313,0.5631909
29314,0.5479966
29315,0.5394867
29316,0.46050677
29317,0.5505644
29318,0.4996524
29319,0.5179517
29320,0.6180817
29321,0.43753698
29322,0.44196334
29323,0.56583256
29324,0.5543895
29325,0.5351096
29326,0.50488824
29327,0.45741877
29328,0.52416295
29329,0.58675474
29330,0.57822627
29331,0.5859333
29332,0.4683602
29333,0.49411502
29334,0.6153469
29335,0.49701604
29336,0.42412174
29337,0.41503948
29338,0.5617799
29339,0.6355417
29340,0.5456462
29341,0.4366464
29342,0.56844556
29343,0.45520645
29344,0.43739235
29345,0.5368138
29346,0.47793072
29347,0.5805016
29348,0.608285
29349,0.5345175
29350,0.5012739
29351,0.44280517
29352,0.82314813
29353,0.46427423
29354,0.52666533
29355,0.6459569
29356,0.47925994
29357,0.54367405
29358,0.4633425
29359,0.5397886
29360,0.5501491
29361,0.49781835
29362,0.65442973
29363,0.5844015
29364,0.57164425
29365,0.5253493
29366,0.3758874
29367,0.55652714
29368,0.538634
29369,0.46529093
29370,0.60428333
29371,0.49858516
29372,0.56277
29373,0.52235323
29374,0.6366219
29375,0.42080805
29376,0.67571217
29377,0.5656457
29378,0.46123248
29379,0.5780979
29380,0.4584621
29381,0.49559408
29382,0.4805066
29383,0.55074316
29384,0.44950652
29385,0.50599825
29386,0.5278878
29387,0.60141295
29388,0.5641394
29389,0.572926
29390,0.5261017
29391,0.5399378
29392,0.45769066
29393,0.5481682
29394,0.5764728
29395,0.5063676
29396,0.5788252
29397,0.56279385
29398,0.5882641
29399,0.43870905
29400,0.4489927
29401,0.622494
29402,0.7232843
29403,0.68603146
29404,0.4399541
29405,0.61999744
29406,0.5371057
29407,0.518055
29408,0.46273935
29409,0.54350674
29410,0.56961167
29411,0.5298248
29412,0.46627653
29413,0.5647653
29414,0.60679
29415,0.47604683
29416,0.40813726
29417,0.6011329
29418,0.39543533
29419,0.543132
29420,0.64205587
29421,0.49669492
29422,0.70464796
29423,0.52853596
29424,0.49881235
29425,0.63221335
29426,0.49028128
29427,0.52028745
29428,0.5258831
29429,0.40576214
29430,0.5793287
29431,0.46239018
29432,0.4887212
29433,0.5833333
29434,0.5811064
29435,0.55149746
29436,0.5228066
29437,0.6424608
29438,0.48834738
29439,0.5120753
29440,0.5476903
29441,0.4882431
29442,0.47890902
29443,0.5742377
29444,0.42385483
29445,0.4703057
29446,0.44585037
29447,0.5032444
29448,0.4577013
29449,0.5205145
29450,0.47742778
29451,0.651977
29452,0.5653403
29453,0.43159416
29454,0.55285174
29455,0.568889
29456,0.61360866
29457,0.46722856
29458,0.7469887
29459,0.5447241
29460,0.42037976
29461,0.40492865
29462,0.4617437
29463,0.587637
29464,0.5267796
29465,0.63322395
29466,0.62627476
29467,0.57855535
29468,0.4722959
29469,0.5716407
29470,0.577935
29471,0.5732759
29472,0.5799862
29473,0.45067444
29474,0.453051
29475,0.67167526
29476,0.54070765
29477,0.5630832
29478,0.7398716
29479,0.47982764
29480,0.5584665
29481,0.67690694
29482,0.56154543
29483,0.5648249
29484,0.49227676
29485,0.6063796
29486,0.46916014
29487,0.86538535
29488,0.4750069
29489,0.43715084
29490,0.4524092
29491,0.47689968
29492,0.7301979
29493,0.47395238
29494,0.5629822
29495,0.48079014
29496,0.42816043
29497,0.47294956
29498,0.54831696
29499,0.569391
29500,0.47811896
29501,0.46238855
29502,0.4150871
29503,0.5290743
29504,0.53534186
29505,0.5336416
29506,0.4268995
29507,0.4637627
29508,0.55074126
29509,0.5458923
29510,0.47885647
29511,0.40372202
29512,0.47051826
29513,0.52161944
29514,0.58119804
29515,0.58015996
29516,0.44834328
29517,0.50947744
29518,0.47637957
29519,0.56386685
29520,0.4674223
29521,0.42266494
29522,0.47630855
29523,0.5564132
29524,0.5247901
29525,0.4517717
29526,0.44876376
29527,0.5504414
29528,0.47345603
29529,0.42214274
29530,0.43935764
29531,0.52902573
29532,0.58042127
29533,0.4306459
29534,0.555148
29535,0.46597663
29536,0.5839503
29537,0.5688881
29538,0.6046792
29539,0.58928716
29540,0.52543384
29541,0.5896448
29542,0.5265152
29543,0.56247014
29544,0.54760116
29545,0.52765715
29546,0.38624355
29547,0.56697524
29548,0.59363693
29549,0.40656653
29550,0.5053169
29551,0.59237486
29552,0.39721534
29553,0.4733914
29554,0.5802005
29555,0.44853073
29556,0.5081653
29557,0.91279364
29558,0.39867008
29559,0.565878
29560,0.5376224
29561,0.45647645
29562,0.5483788
29563,0.54953796
29564,0.5290942
29565,0.6955425
29566,0.6459478
29567,0.44262707
29568,0.55359983
29569,0.44752595
29570,0.56156975
29571,0.4880382
29572,0.5379119
29573,0.45113766
29574,0.41723615
29575,0.5617658
29576,0.51793057
29577,0.5752275
29578,0.5902371
29579,0.48211333
29580,0.579605
29581,0.45572647
29582,0.72385585
29583,0.5498288
29584,0.45917696
29585,0.53230995
29586,0.53588086
29587,0.58008575
29588,0.5665446
29589,0.4568033
29590,0.48936635
29591,0.5369879
29592,0.4482478
29593,0.42306453
29594,0.5721778
29595,0.7441859
29596,0.48387557
29597,0.6272484
29598,0.47701675
29599,0.5170583
29600,0.4732682
29601,0.4625322
29602,0.45427784
29603,0.47126314
29604,0.6038716
29605,0.46093714
29606,0.553637
29607,0.4435276
29608,0.5626055
29609,0.5211608
29610,0.5510409
29611,0.5177841
29612,0.4710417
29613,0.681872
29614,0.44190985
29615,0.58598584
29616,0.43882486
29617,0.57552403
29618,0.44662628
29619,0.4855882
29620,0.5543644
29621,0.43334016
29622,0.4543211
29623,0.3973955
29624,0.4793216
29625,0.6763494
29626,0.5352941
29627,0.6207714
29628,0.8496436
29629,0.4313527
29630,0.5888803
29631,0.475443
29632,0.5374553
29633,0.46520308
29634,0.5493769
29635,0.46027714
29636,0.5487593
29637,0.40911654
29638,0.4478595
29639,0.44936433
29640,0.56429046
29641,0.514515
29642,0.89073265
29643,0.675133
29644,0.5169615
29645,0.5562698
29646,0.5236805
29647,0.7349693
29648,0.5261132
29649,0.54368836
29650,0.5567893
29651,0.6371505
29652,0.55584234
29653,0.4674079
29654,0.49680975
29655,0.43342167
29656,0.5610211
29657,0.45662028
29658,0.47166297
29659,0.52783173
29660,0.5720163
29661,0.4771722
29662,0.46062472
29663,0.5716195
29664,0.405685
29665,0.68093073
29666,0.49230856
29667,0.54059803
29668,0.53190327
29669,0.5102552
29670,0.5631321
29671,0.5398841
29672,0.471978
29673,0.6076286
29674,0.51882416
29675,0.6767439
29676,0.56535
29677,0.51990855
29678,0.5065631
29679,0.64690924
29680,0.4099478
29681,0.5891765
29682,0.41840482
29683,0.42996654
29684,0.55329996
29685,0.48726034
29686,0.49958408
29687,0.65073335
29688,0.5823883
29689,0.4835544
29690,0.56783026
29691,0.5079795
29692,0.5622506
29693,0.49649805
29694,0.584378
29695,0.4876405
29696,0.5470507
29697,0.43900555
29698,0.4652121
29699,0.45641607
29700,0.5545875
29701,0.78664005
29702,0.48620287
29703,0.53098756
29704,0.45638353
29705,0.56281245
29706,0.5335652
29707,0.47213852
29708,0.40725175
29709,0.45465076
29710,0.54903656
29711,0.5660244
29712,0.41669163
29713,0.5689313
29714,0.44168922
29715,0.63037014
29716,0.59140444
29717,0.5444439
29718,0.5431782
29719,0.4156938
29720,0.5387948
29721,0.510074
29722,0.57098913
29723,0.5877054
29724,0.4690929
29725,0.46674988
29726,0.5077797
29727,0.5659337
29728,0.4306504
29729,0.5418378
29730,0.52154994
29731,0.47941732
29732,0.54187423
29733,0.62392676
29734,0.5764554
29735,0.57733333
29736,0.54330117
29737,0.58784276
29738,0.53091556
29739,0.47218457
29740,0.58385366
29741,0.44673634
29742,0.4946769
29743,0.61867654
29744,0.55045575
29745,0.5352815
29746,0.46531117
29747,0.49292988
29748,0.41814712
29749,0.54880244
29750,0.46769243
29751,0.5514933
29752,0.61948663
29753,0.54100204
29754,0.40251908
29755,0.4570059
29756,0.43224287
29757,0.51726836
29758,0.5932382
29759,0.4986927
29760,0.52045745
29761,0.5339314
29762,0.4722129
29763,0.55560875
29764,0.52450305
29765,0.47176477
29766,0.6950147
29767,0.41566098
29768,0.600268
29769,0.57720375
29770,0.5162743
29771,0.53869367
29772,0.3773252
29773,0.6068361
29774,0.6249537
29775,0.48592508
29776,0.4310152
29777,0.61967415
29778,0.5174131
29779,0.49368364
29780,0.4915099
29781,0.46409404
29782,0.48723507
29783,0.57461226
29784,0.56381595
29785,0.5706631
29786,0.4804357
29787,0.48399565
29788,0.50975317
29789,0.5746163
29790,0.63154143
29791,0.42581522
29792,0.57743156
29793,0.5480344
29794,0.465255
29795,0.61168396
29796,0.5796433
29797,0.47365686
29798,0.5086576
29799,0.42620683
29800,0.46074218
29801,0.47259
29802,0.4578875
29803,0.5517212
29804,0.47164184
29805,0.4759185
29806,0.5447242
29807,0.47428113
29808,0.6590325
29809,0.49770218
29810,0.6075502
29811,0.4474712
29812,0.44514653
29813,0.5291085
29814,0.47107467
29815,0.55925715
29816,0.46022502
29817,0.56999886
29818,0.55906516
29819,0.5800027
29820,0.5289071
29821,0.4686864
29822,0.5320679
29823,0.47257414
29824,0.5333632
29825,0.56215847
29826,0.41174924
29827,0.6238063
29828,0.44496518
29829,0.5655077
29830,0.4889331
29831,0.40898126
29832,0.56423223
29833,0.5733468
29834,0.5770947
29835,0.40754133
29836,0.6692676
29837,0.51595855
29838,0.47651365
29839,0.6077467
29840,0.4719198
29841,0.9190115
29842,0.47222498
29843,0.5668133
29844,0.556874
29845,0.47401643
29846,0.44547668
29847,0.60481405
29848,0.55326694
29849,0.5391654
29850,0.43112954
29851,0.4599452
29852,0.79259086
29853,0.47467276
29854,0.52674687
29855,0.5657833
29856,0.47618806
29857,0.46837184
29858,0.47510022
29859,0.42285058
29860,0.5491437
29861,0.53816795
29862,0.5189553
29863,0.5323134
29864,0.5325581
29865,0.41748455
29866,0.46834084
29867,0.7335128
29868,0.5854666
29869,0.45516548
29870,0.61134905
29871,0.44022715
29872,0.6193452
29873,0.50694644
29874,0.47123146
29875,0.43846995
29876,0.56029934
29877,0.4818174
29878,0.47300923
29879,0.46154517
29880,0.6427641
29881,0.5199981
29882,0.46807614
29883,0.5537424
29884,0.5057026
29885,0.68595636
29886,0.534566
29887,0.5563573
29888,0.46867654
29889,0.48091346
29890,0.42025825
29891,0.59465605
29892,0.5466639
29893,0.9968246
29894,0.45211744
29895,0.60601586
29896,0.40522018
29897,0.53582263
29898,0.56099737
29899,0.54724383
29900,0.45403543
29901,0.47981888
29902,0.63618445
29903,0.616813
29904,0.43331915
29905,0.4433871
29906,0.4198153
29907,0.5705536
29908,0.60180587
29909,0.505007
29910,0.44721147
29911,0.54269135
29912,0.55213016
29913,0.5626209
29914,0.43187588
29915,0.56638235
29916,0.916965
29917,0.622723
29918,0.5179572
29919,0.45224413
29920,0.5748967
29921,0.5768775
29922,0.45779687
29923,0.49918365
29924,0.5623453
29925,0.569179
29926,0.5252375
29927,0.5784754
29928,0.42408663
29929,0.48897853
29930,0.51060766
29931,0.51055074
29932,0.5598109
29933,0.47265917
29934,0.5357333
29935,0.6593725
29936,0.5709933
29937,0.62647605
29938,0.5159323
29939,0.5629734
29940,0.5263623
29941,0.47549194
29942,0.485489
29943,0.4008129
29944,0.53543955
29945,0.47157308
29946,0.5282908
29947,0.44730252
29948,0.5093416
29949,0.638759
29950,0.6188134
29951,0.622476
29952,0.5252062
29953,0.45308298
29954,0.4696511
29955,0.46714348
29956,0.47316745
29957,0.47572857
29958,0.7041448
29959,0.602982
29960,0.48684686
29961,0.58052695
29962,0.55711985
29963,0.53604376
29964,0.47772527
29965,0.54962003
29966,0.5391728
29967,0.5227701
29968,0.53970844
29969,0.68902844
29970,0.45828733
29971,0.4660997
29972,0.5741076
29973,0.5486094
29974,0.62881464
29975,0.5662737
29976,0.5864795
29977,0.39341947
29978,0.50919485
29979,0.5378827
29980,0.5099561
29981,0.46128157
29982,0.56872296
29983,0.5557535
29984,0.5727966
29985,0.6190764
29986,0.59869504
29987,0.41717708
29988,0.47530645
29989,0.4304313
29990,0.45855272
29991,0.518301
29992,0.57862616
29993,0.56156814
29994,0.55307543
29995,0.48988032
29996,0.5179087
29997,0.47332162
29998,0.5285769
29999,0.41303402
30000,0.5271097
30001,0.571009
30002,0.5265781
30003,0.44777012
30004,0.40518436
30005,0.514468
30006,0.59694326
30007,0.4118313
30008,0.7007654
30009,0.5363594
30010,0.48484144
30011,0.5972526
30012,0.5442009
30013,0.6454915
30014,0.39645457
30015,0.5987559
30016,0.46743882
30017,0.5771109
30018,0.5466211
30019,0.448347
30020,0.55313945
30021,0.57849663
30022,0.47563338
30023,0.4741046
30024,0.60067
30025,0.4872917
30026,0.5801457
30027,0.4535231
30028,0.51459146
30029,0.48264146
30030,0.57595015
30031,0.38674438
30032,0.46109867
30033,0.5211327
30034,0.43888098
30035,0.49976104
30036,0.47801527
30037,0.5414281
30038,0.44265506
30039,0.390303
30040,0.5712348
30041,0.5217572
30042,0.46925354
30043,0.5489865
30044,0.9979593
30045,0.58146036
30046,0.4747207
30047,0.50681674
30048,0.7056607
30049,0.59112567
30050,0.3723508
30051,0.44660243
30052,0.41735694
30053,0.5245583
30054,0.54778785
30055,0.5537373
30056,0.4572118
30057,0.46269992
30058,0.44510758
30059,0.44228333
30060,0.60750616
30061,0.43663222
30062,0.47868192
30063,0.5617307
30064,0.5955825
30065,0.56807834
30066,0.5581421
30067,0.44760337
30068,0.5992398
30069,0.5529026
30070,0.45291042
30071,0.6148876
30072,0.47221744
30073,0.43835425
30074,0.5399938
30075,0.52346593
30076,0.6005003
30077,0.46758685
30078,0.4800942
30079,0.40858358
30080,0.52361655
30081,0.5043729
30082,0.7755426
30083,0.5693536
30084,0.38501608
30085,0.5671923
30086,0.39248252
30087,0.6507419
30088,0.5572478
30089,0.44113976
30090,0.6406919
30091,0.56427747
30092,0.5382182
30093,0.557842
30094,0.4740122
30095,0.5391432
30096,0.43112585
30097,0.45839864
30098,0.43425438
30099,0.50577414
30100,0.40659195
30101,0.47481436
30102,0.4648208
30103,0.49236733
30104,0.5668566
30105,0.4920008
30106,0.5649603
30107,0.5712654
30108,0.55200905
30109,0.5507299
30110,0.39798805
30111,0.61422515
30112,0.4858707
30113,0.53851867
30114,0.6017572
30115,0.4819454
30116,0.5364971
30117,0.5620504
30118,0.55579877
30119,0.42141655
30120,0.40086684
30121,0.5625296
30122,0.7186933
30123,0.46015587
30124,0.45263857
30125,0.5506814
30126,0.44479036
30127,0.45421392
30128,0.47772872
30129,0.65438336
30130,0.5508135
30131,0.39766085
30132,0.4743178
30133,0.48923483
30134,0.5612778
30135,0.55486774
30136,0.6029569
30137,0.5727386
30138,0.5842423
30139,0.5814985
30140,0.41471443
30141,0.62293655
30142,0.5313436
30143,0.54216915
30144,0.3795311
30145,0.5431152
30146,0.5371812
30147,0.5533421
30148,0.48345232
30149,0.44421378
30150,0.46650535
30151,0.5558637
30152,0.50684434
30153,0.46989506
30154,0.45770192
30155,0.58439016
30156,0.51155746
30157,0.48096547
30158,0.6628544
30159,0.6339365
30160,0.5357161
30161,0.41217023
30162,0.46756297
30163,0.46806043
30164,0.5974736
30165,0.44559976
30166,0.5294595
30167,0.5702019
30168,0.4706136
30169,0.49974343
30170,0.49714744
30171,0.5747643
30172,0.5249661
30173,0.57055146
30174,0.5794828
30175,0.44519532
30176,0.46172398
30177,0.4823111
30178,0.57813334
30179,0.5578494
30180,0.55351245
30181,0.5012837
30182,0.47695595
30183,0.4805887
30184,0.551799
30185,0.5279957
30186,0.53407604
30187,0.43350837
30188,0.7068107
30189,0.4609687
30190,0.50302184
30191,0.6508376
30192,0.45517683
30193,0.5709568
30194,0.47821486
30195,0.51549006
30196,0.5533527
30197,0.5596593
30198,0.51967
30199,0.4179196
30200,0.46702835
30201,0.44880855
30202,0.49357253
30203,0.45686004
30204,0.5877161
30205,0.5065612
30206,0.55119824
30207,0.52720135
30208,0.58114827
30209,0.4883095
30210,0.54754025
30211,0.5335358
30212,0.50080687
30213,0.5324271
30214,0.53487754
30215,0.40873152
30216,0.5286451
30217,0.47972348
30218,0.4845292
30219,0.5529014
30220,0.54842204
30221,0.5744115
30222,0.5244767
30223,0.5709797
30224,0.4879502
30225,0.5641192
30226,0.5386762
30227,0.48628268
30228,0.53495073
30229,0.5044505
30230,0.5475983
30231,0.48389596
30232,0.41976452
30233,0.72413725
30234,0.77826786
30235,0.46171203
30236,0.43666565
30237,0.45378727
30238,0.58093864
30239,0.8061884
30240,0.62809896
30241,0.49938038
30242,0.48204002
30243,0.55103344
30244,0.5212468
30245,0.545287
30246,0.51088506
30247,0.58569854
30248,0.44137594
30249,0.54252017
30250,0.55611384
30251,0.40461075
30252,0.43726823
30253,0.4669829
30254,0.5570507
30255,0.4380332
30256,0.5556903
30257,0.47297144
30258,0.65561044
30259,0.4523437
30260,0.46035278
30261,0.548859
30262,0.4658761
30263,0.5207019
30264,0.4753849
30265,0.4721006
30266,0.69482374
30267,0.56749344
30268,0.42636335
30269,0.53860056
30270,0.579826
30271,0.5392538
30272,0.5511381
30273,0.5433959
30274,0.54804504
30275,0.5774046
30276,0.5615259
30277,0.4399502
30278,0.82656604
30279,0.62690985
30280,0.46886963
30281,0.5318869
30282,0.5556818
30283,0.53641987
30284,0.58720666
30285,0.5371902
30286,0.44461548
30287,0.54575104
30288,0.59774244
30289,0.5432235
30290,0.47056225
30291,0.56544524
30292,0.5094378
30293,0.5844709
30294,0.53088194
30295,0.41958115
30296,0.46802443
30297,0.4350977
30298,0.53822607
30299,0.45312408
30300,0.43550426
30301,0.45080262
30302,0.5643707
30303,0.555026
30304,0.54623705
30305,0.47156605
30306,0.56211525
30307,0.46388906
30308,0.5555837
30309,0.5231453
30310,0.5125147
30311,0.5489451
30312,0.54682344
30313,0.57208765
30314,0.45382127
30315,0.5937326
30316,0.47656438
30317,0.53228295
30318,0.4098134
30319,0.43509817
30320,0.67938244
30321,0.54706466
30322,0.49920264
30323,0.54852396
30324,0.48482934
30325,0.5114552
30326,0.6494561
30327,0.633832
30328,0.4827563
30329,0.42315692
30330,0.851536
30331,0.471301
30332,0.6158088
30333,0.5816237
30334,0.60498464
30335,0.5403732
30336,0.5395798
30337,0.46196494
30338,0.5628574
30339,0.6468482
30340,0.5968942
30341,0.55726534
30342,0.53994155
30343,0.43816823
30344,0.5364656
30345,0.5650688
30346,0.57091457
30347,0.5710143
30348,0.56438315
30349,0.5108158
30350,0.45991862
30351,0.5825023
30352,0.53917
30353,0.57156193
30354,0.5532053
30355,0.55794585
30356,0.46289438
30357,0.42894775
30358,0.5927913
30359,0.5349469
30360,0.47170824
30361,0.47001612
30362,0.9709897
30363,0.5849964
30364,0.51889247
30365,0.56629914
30366,0.5141782
30367,0.69527906
30368,0.45522436
30369,0.47819468
30370,0.47443002
30371,0.53939265
30372,0.5395143
30373,0.4728621
30374,0.47375575
30375,0.5350916
30376,0.4277889
30377,0.46492964
30378,0.4709058
30379,0.5487853
30380,0.55187315
30381,0.5268776
30382,0.4729997
30383,0.4420797
30384,0.5431094
30385,0.4722614
30386,0.5813848
30387,0.529738
30388,0.65369797
30389,0.54010975
30390,0.5682119
30391,0.5731892
30392,0.45668802
30393,0.5123274
30394,0.52710086
30395,0.5135568
30396,0.57052886
30397,0.60906816
30398,0.42364317
30399,0.45283413
30400,0.54547924
30401,0.61456245
30402,0.45409602
30403,0.46520922
30404,0.5560667
30405,0.5757042
30406,0.45412868
30407,0.4781583
30408,0.8745812
30409,0.46834937
30410,0.5496028
30411,0.5386448
30412,0.5109605
30413,0.5386776
30414,0.68355733
30415,0.49061567
30416,0.46608713
30417,0.4864827
30418,0.47695714
30419,0.4568642
30420,0.58213437
30421,0.49912676
30422,0.44096702
30423,0.6666949
30424,0.51908165
30425,0.41321623
30426,0.4730589
30427,0.54258513
30428,0.47677273
30429,0.54932827
30430,0.41836455
30431,0.55851597
30432,0.5205502
30433,0.45789486
30434,0.5385717
30435,0.5795551
30436,0.5648179
30437,0.5357097
30438,0.4671214
30439,0.46194312
30440,0.45750877
30441,0.5264773
30442,0.5561656
30443,0.42607847
30444,0.7026282
30445,0.44542804
30446,0.551613
30447,0.47958863
30448,0.56412584
30449,0.5700252
30450,0.47117433
30451,0.6274239
30452,0.56246287
30453,0.42887983
30454,0.496534
30455,0.5449763
30456,0.56609035
30457,0.55124235
30458,0.5024529
30459,0.48781812
30460,0.5593586
30461,0.4568681
30462,0.45024455
30463,0.44587305
30464,0.4771391
30465,0.5753669
30466,0.49009937
30467,0.51950914
30468,0.5543082
30469,0.5503559
30470,0.4261536
30471,0.65630007
30472,0.61821777
30473,0.66987956
30474,0.44119892
30475,0.5996029
30476,0.4672497
30477,0.6252278
30478,0.76171947
30479,0.44280997
30480,0.5352376
30481,0.6241115
30482,0.5534538
30483,0.53689694
30484,0.42702886
30485,0.4440842
30486,0.4604826
30487,0.55677056
30488,0.5319646
30489,0.5182626
30490,0.59963274
30491,0.4348238
30492,0.45553026
30493,0.48866597
30494,0.56360584
30495,0.44858497
30496,0.45048863
30497,0.4284881
30498,0.5489811
30499,0.59153944
30500,0.57857543
30501,0.56474465
30502,0.59005034
30503,0.42848054
30504,0.47784874
30505,0.41934815
30506,0.6383104
30507,0.5192467
30508,0.45730317
30509,0.45905912
30510,0.55451983
30511,0.47417566
30512,0.5686543
30513,0.61296904
30514,0.54760903
30515,0.5466172
30516,0.47348002
30517,0.67183346
30518,0.41534314
30519,0.5316065
30520,0.50296396
30521,0.48709503
30522,0.4268288
30523,0.5321381
30524,0.49602902
30525,0.52575743
30526,0.4462997
30527,0.58179754
30528,0.42738068
30529,0.55047494
30530,0.48503074
30531,0.57299244
30532,0.5242437
30533,0.5250013
30534,0.5253437
30535,0.5684494
30536,0.5019166
30537,0.42774966
30538,0.5936035
30539,0.47395498
30540,0.5381622
30541,0.4677863
30542,0.5785787
30543,0.49189392
30544,0.7173024
30545,0.55153006
30546,0.5145841
30547,0.52380824
30548,0.41131985
30549,0.48279795
30550,0.98040843
30551,0.4837015
30552,0.5473378
30553,0.68836105
30554,0.58808446
30555,0.4703424
30556,0.46754202
30557,0.5395561
30558,0.7218949
30559,0.5531808
30560,0.60571975
30561,0.44818407
30562,0.4007494
30563,0.52008915
30564,0.60233873
30565,0.49765977
30566,0.5505558
30567,0.5761408
30568,0.44227406
30569,0.7284418
30570,0.53923935
30571,0.5874287
30572,0.5848842
30573,0.45881474
30574,0.59256756
30575,0.5231853
30576,0.42238528
30577,0.52623135
30578,0.45826384
30579,0.49584973
30580,0.55348396
30581,0.4994073
30582,0.50304675
30583,0.5324016
30584,0.43722993
30585,0.71570516
30586,0.5453449
30587,0.4759762
30588,0.579691
30589,0.42487144
30590,0.53177214
30591,0.5851288
30592,0.47267604
30593,0.5203175
30594,0.5298306
30595,0.490596
30596,0.62253994
30597,0.5508833
30598,0.61936736
30599,0.4825821
30600,0.4166586
30601,0.45787472
30602,0.48696417
30603,0.5408724
30604,0.67072904
30605,0.45315066
30606,0.47994024
30607,0.51790756
30608,0.45377713
30609,0.5499038
30610,0.4662491
30611,0.58034503
30612,0.5752013
30613,0.47105333
30614,0.5107255
30615,0.5183411
30616,0.45479682
30617,0.77548325
30618,0.57076144
30619,0.5263773
30620,0.52351433
30621,0.47103262
30622,0.47492057
30623,0.43761036
30624,0.56807363
30625,0.56000245
30626,0.477056
30627,0.54856616
30628,0.4916442
30629,0.49280357
30630,0.4711506
30631,0.6032095
30632,0.44715506
30633,0.4381147
30634,0.53725576
30635,0.56554174
30636,0.48338708
30637,0.5193399
30638,0.44704196
30639,0.89503783
30640,0.59453565
30641,0.7664664
30642,0.40836775
30643,0.6602416
30644,0.52655953
30645,0.55717576
30646,0.5714431
30647,0.38398835
30648,0.5781535
30649,0.42894113
30650,0.59648174
30651,0.5316797
30652,0.5292313
30653,0.5265312
30654,0.63334465
30655,0.7028328
30656,0.6204934
30657,0.4014777
30658,0.46732783
30659,0.4923251
30660,0.42760903
30661,0.5340951
30662,0.45908913
30663,0.5872902
30664,0.6315701
30665,0.5576064
30666,0.46497634
30667,0.50046664
30668,0.5503376
30669,0.47519615
30670,0.49309883
30671,0.76863635
30672,0.41303226
30673,0.44965422
30674,0.55117714
30675,0.5056484
30676,0.59071594
30677,0.53582424
30678,0.47898716
30679,0.480257
30680,0.5315743
30681,0.6550474
30682,0.50895995
30683,0.5508327
30684,0.39781064
30685,0.98276424
30686,0.4762685
30687,0.47119275
30688,0.5661388
30689,0.49306116
30690,0.55162144
30691,0.6302678
30692,0.5388285
30693,0.3951763
30694,0.57260615
30695,0.67485285
30696,0.581723
30697,0.5514709
30698,0.56940496
30699,0.5610095
30700,0.51026255
30701,0.42676166
30702,0.4668995
30703,0.48562664
30704,0.5550573
30705,0.5102321
30706,0.5495461
30707,0.42609316
30708,0.5258715
30709,0.4875807
30710,0.4797545
30711,0.5372771
30712,0.57847935
30713,0.554405
30714,0.465553
30715,0.53542346
30716,0.47742692
30717,0.60186404
30718,0.5448309
30719,0.55989283
30720,0.4748486
30721,0.5518495
30722,0.60376155
30723,0.7398404
30724,0.63129824
30725,0.40008837
30726,0.47941095
30727,0.5236205
30728,0.4638108
30729,0.60839
30730,0.55704397
30731,0.63490504
30732,0.566699
30733,0.43600196
30734,0.5008955
30735,0.472524
30736,0.43287855
30737,0.7385991
30738,0.5875639
30739,0.5187564
30740,0.6146351
30741,0.4716742
30742,0.6350306
30743,0.4556663
30744,0.579767
30745,0.58011556
30746,0.6271658
30747,0.40743774
30748,0.5359232
30749,0.48500273
30750,0.66856986
30751,0.41260636
30752,0.8781255
30753,0.44157094
30754,0.5354297
30755,0.5811531
30756,0.4694869
30757,0.5508754
30758,0.51900417
30759,0.55758345
30760,0.6471902
30761,0.4528239
30762,0.5290628
30763,0.532879
30764,0.48216265
30765,0.54514736
30766,0.38087833
30767,0.5603965
30768,0.45951873
30769,0.39957666
30770,0.55276835
30771,0.46760312
30772,0.5490572
30773,0.50845647
30774,0.5812995
30775,0.406991
30776,0.59472764
30777,0.5996793
30778,0.4404548
30779,0.59021294
30780,0.62588257
30781,0.42811364
30782,0.47539437
30783,0.5214345
30784,0.39850473
30785,0.57038903
30786,0.56451166
30787,0.4918391
30788,0.57056767
30789,0.5405761
30790,0.3848135
30791,0.58922297
30792,0.4127843
30793,0.53701997
30794,0.57272536
30795,0.6523215
30796,0.54001176
30797,0.47647324
30798,0.543115
30799,0.42086124
30800,0.46732184
30801,0.49751577
30802,0.38714468
30803,0.6219066
30804,0.5836345
30805,0.52470696
30806,0.3980732
30807,0.64639765
30808,0.4325846
30809,0.5685532
30810,0.5013609
30811,0.55163246
30812,0.5786018
30813,0.581788
30814,0.44977504
30815,0.5645824
30816,0.66034
30817,0.44003427
30818,0.54190284
30819,0.6520468
30820,0.5658501
30821,0.58317727
30822,0.5707302
30823,0.57774955
30824,0.50990903
30825,0.5586524
30826,0.71664464
30827,0.44597292
30828,0.5578299
30829,0.46122622
30830,0.5415971
30831,0.47757646
30832,0.5039712
30833,0.42872733
30834,0.5394727
30835,0.5421862
30836,0.55747634
30837,0.48224023
30838,0.49033433
30839,0.47812748
30840,0.47978503
30841,0.42916024
30842,0.5815834
30843,0.44842216
30844,0.4692783
30845,0.43730885
30846,0.46305856
30847,0.4244226
30848,0.5194067
30849,0.46736452
30850,0.4694455
30851,0.6317261
30852,0.52041304
30853,0.5380577
30854,0.54467005
30855,0.58734226
30856,0.5604489
30857,0.458422
30858,0.5508615
30859,0.52516717
30860,0.7451904
30861,0.46530357
30862,0.4830728
30863,0.43709284
30864,0.4786002
30865,0.50263697
30866,0.45372167
30867,0.5649755
30868,0.5453666
30869,0.42109567
30870,0.43183464
30871,0.4655137
30872,0.53011864
30873,0.46035787
30874,0.5676259
30875,0.5750952
30876,0.4621986
30877,0.5878597
30878,0.46607926
30879,0.5109715
30880,0.58936733
30881,0.4686973
30882,0.4723703
30883,0.4843269
30884,0.5393144
30885,0.57207227
30886,0.4489885
30887,0.7830956
30888,0.52573806
30889,0.48733118
30890,0.55543417
30891,0.5835769
30892,0.5714179
30893,0.44338605
30894,0.58176166
30895,0.57014793
30896,0.42383647
30897,0.60199636
30898,0.4917748
30899,0.722742
30900,0.46690202
30901,0.5744096
30902,0.64278346
30903,0.59512186
30904,0.64105105
30905,0.42829776
30906,0.55048
30907,0.5370242
30908,0.5033954
30909,0.43833008
30910,0.5232456
30911,0.5691595
30912,0.5159137
30913,0.5438744
30914,0.5399734
30915,0.61012673
30916,0.4445062
30917,0.7090157
30918,0.53752023
30919,0.46069068
30920,0.55362546
30921,0.52984524
30922,0.47023815
30923,0.43899584
30924,0.55071485
30925,0.56658494
30926,0.47111845
30927,0.4704268
30928,0.40369615
30929,0.5673465
30930,0.5285839
30931,0.46271363
30932,0.61767983
30933,0.61692274
30934,0.4751117
30935,0.65680224
30936,0.54583293
30937,0.68278134
30938,0.5259978
30939,0.55340016
30940,0.5112939
30941,0.4977727
30942,0.4756108
30943,0.48929203
30944,0.4558051
30945,0.64424825
30946,0.6223166
30947,0.46528548
30948,0.57235336
30949,0.40795413
30950,0.5117831
30951,0.46207818
30952,0.69512355
30953,0.5272056
30954,0.47502297
30955,0.68955934
30956,0.4281431
30957,0.56789106
30958,0.5764842
30959,0.42571697
30960,0.578514
30961,0.5850343
30962,0.46706504
30963,0.46344605
30964,0.5486885
30965,0.58782023
30966,0.67568505
30967,0.5785508
30968,0.4187272
30969,0.56187135
30970,0.61101085
30971,0.5219236
30972,0.5405289
30973,0.54352933
30974,0.49544656
30975,0.57267296
30976,0.47399682
30977,0.44991902
30978,0.46978998
30979,0.4112174
30980,0.4861642
30981,0.5554868
30982,0.4473939
30983,0.5813158
30984,0.5617821
30985,0.54983014
30986,0.43923426
30987,0.47398797
30988,0.53489184
30989,0.4384371
30990,0.5681242
30991,0.48662847
30992,0.40832555
30993,0.5225085
30994,0.5778663
30995,0.44743386
30996,0.51669055
30997,0.43848747
30998,0.43924576
30999,0.56730545
31000,0.5314099
31001,0.55476975
31002,0.4249306
31003,0.55255854
31004,0.58845437
31005,0.58895624
31006,0.4655893
31007,0.5420619
31008,0.57079005
31009,0.47244436
31010,0.5541644
31011,0.53365386
31012,0.39081466
31013,0.42986804
31014,0.55056393
31015,0.47311023
31016,0.551104
31017,0.4448889
31018,0.46386945
31019,0.4725898
31020,0.4639771
31021,0.5263976
31022,0.51151353
31023,0.5654286
31024,0.4788676
31025,0.46377513
31026,0.462539
31027,0.48687974
31028,0.58929527
31029,0.48022008
31030,0.46505415
31031,0.6450556
31032,0.5127915
31033,0.5485499
31034,0.7519839
31035,0.57396126
31036,0.54096967
31037,0.4835682
31038,0.48704302
31039,0.7869725
31040,0.57695884
31041,0.5513103
31042,0.56234676
31043,0.53555304
31044,0.437594
31045,0.5013503
31046,0.5669707
31047,0.416999
31048,0.5475115
31049,0.47136682
31050,0.46890524
31051,0.58825934
31052,0.5620392
31053,0.5743641
31054,0.6215073
31055,0.5678156
31056,0.49807486
31057,0.5612227
31058,0.49657816
31059,0.4770926
31060,0.8568784
31061,0.6842064
31062,0.5667258
31063,0.6104137
31064,0.6244873
31065,0.435542
31066,0.54758704
31067,0.44953075
31068,0.46275347
31069,0.5400578
31070,0.5539769
31071,0.4699527
31072,0.47006607
31073,0.473995
31074,0.46057197
31075,0.5638293
31076,0.5002112
31077,0.61590993
31078,0.49478477
31079,0.57408565
31080,0.47439104
31081,0.6284529
31082,0.43844804
31083,0.50803405
31084,0.54809636
31085,0.5526711
31086,0.62885475
31087,0.5586755
31088,0.5649828
31089,0.5752812
31090,0.41645652
31091,0.5285579
31092,0.54714066
31093,0.5522094
31094,0.4947027
31095,0.5298499
31096,0.69045585
31097,0.48726112
31098,0.49489483
31099,0.45044497
31100,0.5386757
31101,0.47785324
31102,0.5926934
31103,0.5682433
31104,0.4698177
31105,0.44653827
31106,0.47630146
31107,0.68109703
31108,0.78848624
31109,0.5639236
31110,0.5508607
31111,0.46625543
31112,0.6523948
31113,0.63375837
31114,0.5506253
31115,0.46372798
31116,0.5646153
31117,0.63199687
31118,0.4552347
31119,0.60799646
31120,0.5812766
31121,0.4996735
31122,0.6735121
31123,0.4655723
31124,0.49102607
31125,0.3935414
31126,0.5522621
31127,0.527891
31128,0.497298
31129,0.4559307
31130,0.58239454
31131,0.4743134
31132,0.58844775
31133,0.49458745
31134,0.56466955
31135,0.45049074
31136,0.5095067
31137,0.50837666
31138,0.5688482
31139,0.55283654
31140,0.63015413
31141,0.5597932
31142,0.47733858
31143,0.46705666
31144,0.6283408
31145,0.52390915
31146,0.4037721
31147,0.5442768
31148,0.5408726
31149,0.40679407
31150,0.5283148
31151,0.4817237
31152,0.6053246
31153,0.41706815
31154,0.37421787
31155,0.56303847
31156,0.4559542
31157,0.50014806
31158,0.5890196
31159,0.5933157
31160,0.41666952
31161,0.48868838
31162,0.5336075
31163,0.6486417
31164,0.5618741
31165,0.47333813
31166,0.46914765
31167,0.47812095
31168,0.40272266
31169,0.67492765
31170,0.54427046
31171,0.43908522
31172,0.4773937
31173,0.59505755
31174,0.506283
31175,0.5212588
31176,0.45956796
31177,0.56628656
31178,0.45559484
31179,0.6157266
31180,0.7012539
31181,0.60687345
31182,0.41584557
31183,0.46624058
31184,0.47197393
31185,0.56452084
31186,0.47147995
31187,0.46979398
31188,0.41156352
31189,0.57317644
31190,0.7903317
31191,0.49208182
31192,0.53212273
31193,0.5127198
31194,0.6058735
31195,0.45019066
31196,0.5171641
31197,0.4564358
31198,0.5326517
31199,0.62913334
31200,0.550501
31201,0.41734964
31202,0.46713367
31203,0.6072291
31204,0.45679432
31205,0.47638878
31206,0.55295646
31207,0.45485288
31208,0.41635826
31209,0.4589693
31210,0.63312006
31211,0.69616973
31212,0.46372893
31213,0.5584624
31214,0.45136166
31215,0.45912805
31216,0.45958292
31217,0.60263705
31218,0.4100194
31219,0.53520477
31220,0.5674704
31221,0.5726778
31222,0.5218246
31223,0.56307495
31224,0.5604117
31225,0.5644559
31226,0.5551285
31227,0.47500676
31228,0.5516915
31229,0.6873033
31230,0.46734002
31231,0.47825143
31232,0.52872753
31233,0.45493704
31234,0.483569
31235,0.5348378
31236,0.545031
31237,0.48112738
31238,0.39479792
31239,0.50818217
31240,0.4957561
31241,0.5654427
31242,0.6237033
31243,0.48223582
31244,0.47117376
31245,0.51465875
31246,0.5879619
31247,0.55608803
31248,0.56439734
31249,0.4946301
31250,0.55955964
31251,0.43501076
31252,0.7568873
31253,0.5090675
31254,0.543129
31255,0.52068454
31256,0.53466666
31257,0.47401467
31258,0.5622776
31259,0.43448713
31260,0.50001293
31261,0.4963897
31262,0.45953918
31263,0.4609128
31264,0.56891227
31265,0.44109336
31266,0.45385298
31267,0.5387167
31268,0.6144535
31269,0.45352027
31270,0.5582932
31271,0.4649978
31272,0.4225141
31273,0.41484705
31274,0.66571474
31275,0.540903
31276,0.57422465
31277,0.44297403
31278,0.47760767
31279,0.50986016
31280,0.4712185
31281,0.5327417
31282,0.44503513
31283,0.71833956
31284,0.5764162
31285,0.48739326
31286,0.4636394
31287,0.58014673
31288,0.52987504
31289,0.45580724
31290,0.5247069
31291,0.6268581
31292,0.4780213
31293,0.44177577
31294,0.4058689
31295,0.4734509
31296,0.3780119
31297,0.41768014
31298,0.47525162
31299,0.54528177
31300,0.5287852
31301,0.4006092
31302,0.5710448
31303,0.42389262
31304,0.46363387
31305,0.6012427
31306,0.4619823
31307,0.47597903
31308,0.60568756
31309,0.41354632
31310,0.65172505
31311,0.44310892
31312,0.49205804
31313,0.5537413
31314,0.61281466
31315,0.45897633
31316,0.49021703
31317,0.5490173
31318,0.5787087
31319,0.37672424
31320,0.5627174
31321,0.5557176
31322,0.479898
31323,0.4792159
31324,0.5825715
31325,0.49267712
31326,0.47448105
31327,0.6055695
31328,0.57892036
31329,0.59168464
31330,0.5866451
31331,0.5497003
31332,0.44898146
31333,0.5588326
31334,0.70527947
31335,0.5378385
31336,0.42281157
31337,0.5693179
31338,0.44851553
31339,0.54637057
31340,0.534628
31341,0.42637736
31342,0.47480226
31343,0.545256
31344,0.50063944
31345,0.5357047
31346,0.4111226
31347,0.4730817
31348,0.5643654
31349,0.4673642
31350,0.55873424
31351,0.5667875
31352,0.5887044
31353,0.59241974
31354,0.44813183
31355,0.5784061
31356,0.48274857
31357,0.47757074
31358,0.67186284
31359,0.55283207
31360,0.5671754
31361,0.51176727
31362,0.59728223
31363,0.5795462
31364,0.66247356
31365,0.50000525
31366,0.4562564
31367,0.56211406
31368,0.4748025
31369,0.4143545
31370,0.591609
31371,0.42195916
31372,0.5074762
31373,0.5214955
31374,0.570313
31375,0.54699636
31376,0.5377135
31377,0.42907536
31378,0.56890804
31379,0.5142478
31380,0.4613122
31381,0.47731435
31382,0.46635345
31383,0.41037622
31384,0.4574134
31385,0.50951236
31386,0.46897402
31387,0.6046563
31388,0.5214989
31389,0.61631113
31390,0.5477436
31391,0.5108214
31392,0.904145
31393,0.4554475
31394,0.62421095
31395,0.5292697
31396,0.55982614
31397,0.60853004
31398,0.5976717
31399,0.45950815
31400,0.6024568
31401,0.6468764
31402,0.48738202
31403,0.45070943
31404,0.55251527
31405,0.5312529
31406,0.46878046
31407,0.4741281
31408,0.5265586
31409,0.53999865
31410,0.62113285
31411,0.6356075
31412,0.4944038
31413,0.4279307
31414,0.5129956
31415,0.54737574
31416,0.441054
31417,0.4703631
31418,0.4642943
31419,0.5477567
31420,0.476324
31421,0.4711453
31422,0.48523632
31423,0.57331
31424,0.5750371
31425,0.5301059
31426,0.47223604
31427,0.6527514
31428,0.6843279
31429,0.45040238
31430,0.61701274
31431,0.57233703
31432,0.44304025
31433,0.54511887
31434,0.39649794
31435,0.5067473
31436,0.52720505
31437,0.54340625
31438,0.46131524
31439,0.5137741
31440,0.4225732
31441,0.5502208
31442,0.40740883
31443,0.42051762
31444,0.56235313
31445,0.47009677
31446,0.503075
31447,0.6084111
31448,0.4185868
31449,0.59800506
31450,0.55184615
31451,0.54639125
31452,0.5406996
31453,0.57942253
31454,0.42677632
31455,0.38912478
31456,0.5115615
31457,0.47095707
31458,0.4767627
31459,0.52462935
31460,0.55742925
31461,0.42624652
31462,0.55314696
31463,0.44128966
31464,0.64568806
31465,0.544706
31466,0.46065816
31467,0.532124
31468,0.4599695
31469,0.5379584
31470,0.5213802
31471,0.41738
31472,0.50986964
31473,0.59164155
31474,0.4565252
31475,0.4551378
31476,0.5477749
31477,0.46759874
31478,0.56696784
31479,0.44763756
31480,0.5524046
31481,0.4607796
31482,0.39413014
31483,0.5831472
31484,0.5243627
31485,0.4836923
31486,0.7721083
31487,0.51434135
31488,0.5858651
31489,0.5767729
31490,0.45224938
31491,0.4510839
31492,0.44124505
31493,0.47458333
31494,0.47455415
31495,0.49616718
31496,0.44106352
31497,0.64403534
31498,0.4983213
31499,0.38445172
31500,0.42105636
31501,0.4271185
31502,0.46852252
31503,0.57573783
31504,0.43446392
31505,0.43791902
31506,0.86780894
31507,0.54421794
31508,0.8720733
31509,0.41280514
31510,0.48274064
31511,0.4034366
31512,0.48329148
31513,0.43027216
31514,0.5123993
31515,0.4765237
31516,0.55929124
31517,0.52530277
31518,0.51436937
31519,0.5788646
31520,0.54005694
31521,0.5212832
31522,0.7088152
31523,0.45599595
31524,0.6092553
31525,0.65980476
31526,0.48777485
31527,0.47542372
31528,0.48893344
31529,0.537417
31530,0.52947664
31531,0.41694427
31532,0.40879232
31533,0.55113035
31534,0.6116836
31535,0.43281025
31536,0.6229006
31537,0.5062259
31538,0.47135526
31539,0.6115181
31540,0.4844054
31541,0.49109608
31542,0.50284535
31543,0.7902876
31544,0.47347814
31545,0.5862341
31546,0.4469592
31547,0.552791
31548,0.43864143
31549,0.5682649
31550,0.4647014
31551,0.43500483
31552,0.45341104
31553,0.5555083
31554,0.42854244
31555,0.5788436
31556,0.52357006
31557,0.6367716
31558,0.68989813
31559,0.46460584
31560,0.47282687
31561,0.42626995
31562,0.44114688
31563,0.4327357
31564,0.42786366
31565,0.57209176
31566,0.4558159
31567,0.47856638
31568,0.55010647
31569,0.6177347
31570,0.57011753
31571,0.47154218
31572,0.5491831
31573,0.47362018
31574,0.60310835
31575,0.44862622
31576,0.597048
31577,0.4123873
31578,0.6126493
31579,0.5580641
31580,0.6909857
31581,0.86768544
31582,0.58909476
31583,0.43244693
31584,0.4675902
31585,0.41516447
31586,0.4950166
31587,0.46797907
31588,0.47162315
31589,0.4138053
31590,0.52662337
31591,0.5677707
31592,0.5592569
31593,0.46534228
31594,0.5560331
31595,0.5948026
31596,0.47144663
31597,0.46060878
31598,0.520477
31599,0.39921588
31600,0.48941222
31601,0.46551996
31602,0.66002584
31603,0.38798335
31604,0.48709145
31605,0.5072717
31606,0.59128976
31607,0.46588194
31608,0.55664337
31609,0.4719746
31610,0.46815816
31611,0.45560175
31612,0.56515294
31613,0.40726042
31614,0.58188987
31615,0.47013658
31616,0.5818272
31617,0.5520442
31618,0.5177251
31619,0.5279288
31620,0.51750726
31621,0.48607302
31622,0.45109016
31623,0.41153485
31624,0.5884652
31625,0.64438653
31626,0.58180445
31627,0.43158495
31628,0.5538571
31629,0.48668745
31630,0.57718056
31631,0.5429646
31632,0.44603503
31633,0.45074198
31634,0.5574225
31635,0.43623888
31636,0.4646727
31637,0.47382006
31638,0.4941047
31639,0.49938998
31640,0.53669786
31641,0.58163255
31642,0.46583423
31643,0.56330645
31644,0.5665019
31645,0.50907016
31646,0.46833882
31647,0.676219
31648,0.77125
31649,0.39710805
31650,0.52851784
31651,0.4913427
31652,0.61799735
31653,0.44895503
31654,0.6002184
31655,0.4692039
31656,0.48110798
31657,0.47409087
31658,0.550024
31659,0.530535
31660,0.46619204
31661,0.54208505
31662,0.44754356
31663,0.59460807
31664,0.46245572
31665,0.57282114
31666,0.57617694
31667,0.63840497
31668,0.55255836
31669,0.5325376
31670,0.5538189
31671,0.40882525
31672,0.49736887
31673,0.49483302
31674,0.44653052
31675,0.5339908
31676,0.4571971
31677,0.46708745
31678,0.47580644
31679,0.6165131
31680,0.5195655
31681,0.50974184
31682,0.55169314
31683,0.4789374
31684,0.39757392
31685,0.57798105
31686,0.47110513
31687,0.44512406
31688,0.5042711
31689,0.5458292
31690,0.5891342
31691,0.5520154
31692,0.44309637
31693,0.46129623
31694,0.60189533
31695,0.51512545
31696,0.5487653
31697,0.41710913
31698,0.46895626
31699,0.44477227
31700,0.52187634
31701,0.43837416
31702,0.3989313
31703,0.51745445
31704,0.47776866
31705,0.6348132
31706,0.5147014
31707,0.47141412
31708,0.48061728
31709,0.47346196
31710,0.42355233
31711,0.5060794
31712,0.42685372
31713,0.53489757
31714,0.5758113
31715,0.53129905
31716,0.4672125
31717,0.5488311
31718,0.45405412
31719,0.5466442
31720,0.6836411
31721,0.6168863
31722,0.52413523
31723,0.4545447
31724,0.57205045
31725,0.6001785
31726,0.5174903
31727,0.5537357
31728,0.55500174
31729,0.4723463
31730,0.4513073
31731,0.4988652
31732,0.39818466
31733,0.56630105
31734,0.56747913
31735,0.5868373
31736,0.42881045
31737,0.78110135
31738,0.5500745
31739,0.5545166
31740,0.5572687
31741,0.5491823
31742,0.5472825
31743,0.5055478
31744,0.55223966
31745,0.4916083
31746,0.56211853
31747,0.46148917
31748,0.47132862
31749,0.5312887
31750,0.529274
31751,0.54025257
31752,0.4975525
31753,0.42226145
31754,0.46823865
31755,0.57302725
31756,0.44501126
31757,0.55699563
31758,0.4218612
31759,0.45809224
31760,0.470118
31761,0.47104275
31762,0.40916625
31763,0.46616098
31764,0.55609477
31765,0.5279236
31766,0.49744064
31767,0.5495098
31768,0.46064618
31769,0.41790468
31770,0.47333416
31771,0.4668688
31772,0.53894186
31773,0.5269052
31774,0.5812517
31775,0.48411578
31776,0.4249015
31777,0.4752893
31778,0.47864944
31779,0.54949075
31780,0.62016094
31781,0.47221446
31782,0.4536908
31783,0.45095292
31784,0.6615059
31785,0.43667078
31786,0.46105486
31787,0.51103884
31788,0.47356725
31789,0.47325933
31790,0.63081133
31791,0.57665455
31792,0.5176934
31793,0.47483048
31794,0.55738455
31795,0.5597441
31796,0.544048
31797,0.62104106
31798,0.5212468
31799,0.5447531
31800,0.40424377
31801,0.43849468
31802,0.4531109
31803,0.51792705
31804,0.5454945
31805,0.5694421
31806,0.6589219
31807,0.44723228
31808,0.58488053
31809,0.46458152
31810,0.6509579
31811,0.41201836
31812,0.47331348
31813,0.52589023
31814,0.6386329
31815,0.47270334
31816,0.56112856
31817,0.48327735
31818,0.44961596
31819,0.46328714
31820,0.49963474
31821,0.42169863
31822,0.4427052
31823,0.5441234
31824,0.48680067
31825,0.55836606
31826,0.5101632
31827,0.47472778
31828,0.58051103
31829,0.5737224
31830,0.5725766
31831,0.5626719
31832,0.54758
31833,0.57515085
31834,0.579268
31835,0.6813483
31836,0.52427495
31837,0.6438443
31838,0.5529044
31839,0.4735001
31840,0.51656616
31841,0.43907717
31842,0.48476908
31843,0.54849684
31844,0.5538398
31845,0.43850252
31846,0.82817006
31847,0.46753576
31848,0.6315834
31849,0.45814842
31850,0.7353436
31851,0.53717333
31852,0.55720204
31853,0.5863219
31854,0.563205
31855,0.56771076
31856,0.52097666
31857,0.61509323
31858,0.45033947
31859,0.6091294
31860,0.53773737
31861,0.5147867
31862,0.4768643
31863,0.54440594
31864,0.5643899
31865,0.42780083
31866,0.45787078
31867,0.53721863
31868,0.4390853
31869,0.5937071
31870,0.4705975
31871,0.3950796
31872,0.48314315
31873,0.47903982
31874,0.44679502
31875,0.44129354
31876,0.46177727
31877,0.516614
31878,0.55920273
31879,0.43916583
31880,0.5261249
31881,0.6253128
31882,0.5471216
31883,0.5744592
31884,0.5593417
31885,0.47862926
31886,0.49893588
31887,0.47622085
31888,0.5107865
31889,0.5918313
31890,0.5398231
31891,0.68108916
31892,0.4302156
31893,0.7962017
31894,0.5503091
31895,0.7362275
31896,0.48615864
31897,0.5582922
31898,0.46744418
31899,0.546353
31900,0.5379768
31901,0.4701127
31902,0.46695486
31903,0.6566248
31904,0.545485
31905,0.44563985
31906,0.6637114
31907,0.5054567
31908,0.73895025
31909,0.41970026
31910,0.560616
31911,0.5367119
31912,0.47732255
31913,0.55399907
31914,0.61531574
31915,0.64088994
31916,0.6505128
31917,0.5185453
31918,0.4131884
31919,0.47025636
31920,0.5301966
31921,0.47335407
31922,0.84180474
31923,0.38763288
31924,0.5413814
31925,0.4846052
31926,0.52042115
31927,0.475133
31928,0.57554835
31929,0.40660566
31930,0.46639362
31931,0.54032135
31932,0.51940054
31933,0.5880857
31934,0.5683987
31935,0.5765594
31936,0.59337455
31937,0.5508977
31938,0.5230403
31939,0.47268474
31940,0.58702105
31941,0.45850632
31942,0.51424974
31943,0.6196882
31944,0.5864724
31945,0.6327544
31946,0.5839805
31947,0.65668803
31948,0.47409457
31949,0.43299657
31950,0.3917945
31951,0.44765404
31952,0.4010473
31953,0.54857266
31954,0.46484503
31955,0.5515284
31956,0.47880366
31957,0.5524281
31958,0.4834894
31959,0.45403028
31960,0.5963212
31961,0.49740875
31962,0.46884406
31963,0.50749665
31964,0.57096213
31965,0.5413305
31966,0.62517583
31967,0.60682756
31968,0.46657944
31969,0.52061045
31970,0.5646191
31971,0.6173972
31972,0.46117282
31973,0.63020337
31974,0.55612344
31975,0.44057012
31976,0.46711534
31977,0.4750817
31978,0.56357795
31979,0.5423654
31980,0.4063155
31981,0.44967645
31982,0.5459866
31983,0.63821393
31984,0.4474889
31985,0.56021607
31986,0.38860726
31987,0.4142873
31988,0.4244334
31989,0.55416644
31990,0.4798298
31991,0.6495355
31992,0.76380694
31993,0.5522391
31994,0.66387784
31995,0.5334576
31996,0.48948595
31997,0.4960423
31998,0.4516892
31999,0.56081116
32000,0.46913218
32001,0.39663488
32002,0.5490461
32003,0.45101923
32004,0.5856174
32005,0.5335694
32006,0.5432531
32007,0.5603285
32008,0.5589562
32009,0.53740615
32010,0.9906046
32011,0.5411035
32012,0.51637024
32013,0.52670914
32014,0.5510555
32015,0.51589507
32016,0.68978345
32017,0.46998066
32018,0.53277516
32019,0.56268585
32020,0.47587773
32021,0.5567071
32022,0.4989172
32023,0.49219787
32024,0.3819033
32025,0.53823614
32026,0.42862073
32027,0.6001142
32028,0.56463623
32029,0.49499667
32030,0.62002075
32031,0.5060095
32032,0.6366567
32033,0.5361071
32034,0.5793158
32035,0.51956
32036,0.8865731
32037,0.4597716
32038,0.57278633
32039,0.4848824
32040,0.4795695
32041,0.46981776
32042,0.38469264
32043,0.5571811
32044,0.5029049
32045,0.5972467
32046,0.58156484
32047,0.4132427
32048,0.4405422
32049,0.525358
32050,0.45603985
32051,0.4737702
32052,0.5683396
32053,0.5382801
32054,0.4597004
32055,0.43666857
32056,0.588566
32057,0.4200394
32058,0.55746776
32059,0.4767881
32060,0.5711212
32061,0.61600673
32062,0.5549813
32063,0.6605574
32064,0.40786973
32065,0.52197415
32066,0.5356416
32067,0.47497094
32068,0.47302827
32069,0.46778297
32070,0.46510565
32071,0.5609503
32072,0.5184261
32073,0.5506057
32074,0.43394476
32075,0.5549805
32076,0.47502878
32077,0.44912925
32078,0.53090906
32079,0.4836005
32080,0.64226043
32081,0.576368
32082,0.39881882
32083,0.5497559
32084,0.54500645
32085,0.55148757
32086,0.64873254
32087,0.4527502
32088,0.5644456
32089,0.8813938
32090,0.8035545
32091,0.463994
32092,0.38528156
32093,0.4863831
32094,0.5826649
32095,0.54582775
32096,0.63016224
32097,0.98424745
32098,0.5773083
32099,0.46699286
32100,0.4718903
32101,0.4843166
32102,0.45777807
32103,0.46165597
32104,0.61981326
32105,0.5646611
32106,0.47329244
32107,0.44776514
32108,0.5383774
32109,0.5860657
32110,0.4755262
32111,0.550354
32112,0.47221914
32113,0.5686101
32114,0.4230686
32115,0.7487848
32116,0.55578685
32117,0.5282153
32118,0.4716444
32119,0.47492647
32120,0.5762176
32121,0.47796497
32122,0.5332095
32123,0.4119059
32124,0.55267787
32125,0.41580534
32126,0.50227326
32127,0.45854145
32128,0.5512501
32129,0.47067028
32130,0.54351354
32131,0.44394755
32132,0.464679
32133,0.57312125
32134,0.53520393
32135,0.48542368
32136,0.46470258
32137,0.57415795
32138,0.58601326
32139,0.4563798
32140,0.5568385
32141,0.6309252
32142,0.50619537
32143,0.52201366
32144,0.5030159
32145,0.5775122
32146,0.56376517
32147,0.46515906
32148,0.54926634
32149,0.43109748
32150,0.48083675
32151,0.41983065
32152,0.6400807
32153,0.45840135
32154,0.44670227
32155,0.5134218
32156,0.48262593
32157,0.65438753
32158,0.5738599
32159,0.63928837
32160,0.39522216
32161,0.5509985
32162,0.46919715
32163,0.7494612
32164,0.5728661
32165,0.4782798
32166,0.61157775
32167,0.6274125
32168,0.54158765
32169,0.51492405
32170,0.5644153
32171,0.47753283
32172,0.49256015
32173,0.6078242
32174,0.57638866
32175,0.5105241
32176,0.442047
32177,0.55141544
32178,0.5398241
32179,0.40022653
32180,0.530055
32181,0.4725048
32182,0.4386116
32183,0.47344908
32184,0.4382586
32185,0.5399838
32186,0.40647689
32187,0.51989543
32188,0.53008944
32189,0.58954257
32190,0.50379586
32191,0.53254765
32192,0.5737481
32193,0.4698215
32194,0.63244915
32195,0.5311384
32196,0.5539547
32197,0.561402
32198,0.6313548
32199,0.6407009
32200,0.5792496
32201,0.4755389
32202,0.59215343
32203,0.47342703
32204,0.4558595
32205,0.59433526
32206,0.5290304
32207,0.4541381
32208,0.58450216
32209,0.44097525
32210,0.56382424
32211,0.5865916
32212,0.44655785
32213,0.46121177
32214,0.5437637
32215,0.5017796
32216,0.6117359
32217,0.5559762
32218,0.53779507
32219,0.5719756
32220,0.45407858
32221,0.5570415
32222,0.603208
32223,0.60674214
32224,0.4918499
32225,0.48740795
32226,0.38337445
32227,0.44438505
32228,0.60533464
32229,0.64928377
32230,0.5004493
32231,0.6676765
32232,0.4701677
32233,0.49093577
32234,0.46553648
32235,0.524465
32236,0.5375874
32237,0.55634403
32238,0.5212666
32239,0.5614752
32240,0.4835008
32241,0.4103858
32242,0.4379328
32243,0.46856803
32244,0.44972908
32245,0.5796373
32246,0.41825593
32247,0.5949925
32248,0.569055
32249,0.55596054
32250,0.55743074
32251,0.5846168
32252,0.692381
32253,0.4236846
32254,0.5817258
32255,0.49577907
32256,0.48270988
32257,0.5467905
32258,0.47737047
32259,0.58139503
32260,0.4290458
32261,0.7118043
32262,0.5053203
32263,0.5589661
32264,0.5856875
32265,0.53316903
32266,0.5605413
32267,0.553252
32268,0.6157475
32269,0.4432381
32270,0.5845233
32271,0.5033308
32272,0.5752996
32273,0.45689693
32274,0.45196158
32275,0.56424046
32276,0.5437144
32277,0.48166564
32278,0.47595578
32279,0.40772864
32280,0.5611863
32281,0.6471266
32282,0.5503381
32283,0.5188905
32284,0.5705526
32285,0.5077501
32286,0.6816032
32287,0.4865475
32288,0.4488767
32289,0.56540936
32290,0.4325493
32291,0.48824033
32292,0.51673764
32293,0.5535573
32294,0.4966199
32295,0.4679386
32296,0.45262778
32297,0.4620173
32298,0.51414
32299,0.52764773
32300,0.480302
32301,0.50480336
32302,0.5579722
32303,0.45751536
32304,0.5158352
32305,0.45357046
32306,0.45339888
32307,0.47434017
32308,0.4767254
32309,0.46943513
32310,0.54945433
32311,0.4565868
32312,0.5394422
32313,0.45670536
32314,0.53608805
32315,0.42248693
32316,0.6549202
32317,0.47187343
32318,0.48970127
32319,0.5431037
32320,0.48281208
32321,0.46615312
32322,0.4891993
32323,0.5428815
32324,0.60587096
32325,0.5478772
32326,0.5893153
32327,0.4532993
32328,0.5083243
32329,0.41749156
32330,0.5939559
32331,0.50167936
32332,0.54065675
32333,0.57220036
32334,0.5237672
32335,0.5737214
32336,0.53668565
32337,0.44636303
32338,0.53824985
32339,0.49789986
32340,0.53487307
32341,0.57089806
32342,0.5676194
32343,0.565859
32344,0.47919437
32345,0.4246363
32346,0.44897497
32347,0.5608538
32348,0.46294498
32349,0.4528175
32350,0.59530854
32351,0.54435813
32352,0.6934325
32353,0.60189164
32354,0.53879756
32355,0.5679716
32356,0.6620036
32357,0.46836504
32358,0.57149035
32359,0.55612004
32360,0.43982783
32361,0.54839337
32362,0.72658837
32363,0.4836371
32364,0.4492469
32365,0.5564783
32366,0.55740875
32367,0.4545636
32368,0.4405102
32369,0.5593525
32370,0.46698254
32371,0.69536316
32372,0.51984864
32373,0.5402062
32374,0.6146448
32375,0.83040357
32376,0.54914844
32377,0.4754932
32378,0.5248383
32379,0.59049195
32380,0.5981051
32381,0.45722318
32382,0.47384244
32383,0.4719977
32384,0.5821789
32385,0.49026534
32386,0.47295022
32387,0.69903916
32388,0.4093836
32389,0.57870185
32390,0.5361833
32391,0.5621447
32392,0.5586379
32393,0.54844874
32394,0.4697935
32395,0.5111701
32396,0.47019666
32397,0.44959047
32398,0.5787891
32399,0.54896134
32400,0.55651367
32401,0.5281753
32402,0.49268383
32403,0.60177565
32404,0.45727736
32405,0.46958777
32406,0.55288005
32407,0.57538676
32408,0.5045581
32409,0.42968243
32410,0.6043274
32411,0.49142617
32412,0.5835887
32413,0.4711174
32414,0.41235954
32415,0.4068853
32416,0.58412504
32417,0.5236841
32418,0.56501794
32419,0.5443497
32420,0.5390455
32421,0.570291
32422,0.65042
32423,0.52737594
32424,0.45964575
32425,0.46106243
32426,0.5181994
32427,0.53095263
32428,0.5677215
32429,0.448207
32430,0.55560035
32431,0.57690084
32432,0.4446456
32433,0.47884429
32434,0.56386673
32435,0.53172594
32436,0.56046695
32437,0.4560464
32438,0.58423525
32439,0.5920458
32440,0.5670121
32441,0.6067458
32442,0.50361824
32443,0.53993464
32444,0.52808243
32445,0.753627
32446,0.44698423
32447,0.48400265
32448,0.4629156
32449,0.48661456
32450,0.45094794
32451,0.5346457
32452,0.5653373
32453,0.4738051
32454,0.47752184
32455,0.41993287
32456,0.54128784
32457,0.47451138
32458,0.50298774
32459,0.57253754
32460,0.5522111
32461,0.574594
32462,0.6036066
32463,0.42438567
32464,0.47292206
32465,0.42644978
32466,0.4547517
32467,0.43091303
32468,0.5089725
32469,0.40577143
32470,0.5848183
32471,0.52764446
32472,0.62162864
32473,0.41801503
32474,0.45590648
32475,0.4409738
32476,0.4710705
32477,0.5313227
32478,0.47536018
32479,0.6308781
32480,0.44718614
32481,0.56923544
32482,0.4134112
32483,0.48895025
32484,0.40447065
32485,0.40571988
32486,0.40253407
32487,0.6622284
32488,0.5619779
32489,0.47812933
32490,0.5584932
32491,0.63053256
32492,0.47830096
32493,0.52258766
32494,0.5691679
32495,0.5562906
32496,0.57680583
32497,0.5668557
32498,0.6044097
32499,0.47116178
32500,0.4555547
32501,0.49647555
32502,0.6016911
32503,0.56472516
32504,0.5401116
32505,0.77174294
32506,0.5313339
32507,0.4014008
32508,0.517413
32509,0.58669734
32510,0.54603773
32511,0.47156882
32512,0.6210946
32513,0.48250455
32514,0.4320625
32515,0.45385325
32516,0.6171763
32517,0.40025663
32518,0.5298992
32519,0.5669549
32520,0.58018696
32521,0.5481766
32522,0.5802956
32523,0.47250465
32524,0.5081675
32525,0.47232902
32526,0.49821267
32527,0.46742812
32528,0.55392087
32529,0.5435682
32530,0.5435027
32531,0.55879873
32532,0.5983914
32533,0.7441514
32534,0.42305872
32535,0.53236
32536,0.48290643
32537,0.47251105
32538,0.5538091
32539,0.41048416
32540,0.55166376
32541,0.52061695
32542,0.56468886
32543,0.5544867
32544,0.43045065
32545,0.53543246
32546,0.47411612
32547,0.51535374
32548,0.5383928
32549,0.42165452
32550,0.5654111
32551,0.4171629
32552,0.64717513
32553,0.4905518
32554,0.6281417
32555,0.50254613
32556,0.61126846
32557,0.5447777
32558,0.44884446
32559,0.56038857
32560,0.40479815
32561,0.48385483
32562,0.4686833
32563,0.46147847
32564,0.5594785
32565,0.78169405
32566,0.55712295
32567,0.46426666
32568,0.51211244
32569,0.53393304
32570,0.4730276
32571,0.52146685
32572,0.75008917
32573,0.54586864
32574,0.5458494
32575,0.4650962
32576,0.51594627
32577,0.4704482
32578,0.40072843
32579,0.39713964
32580,0.4306677
32581,0.4216882
32582,0.46912047
32583,0.45628724
32584,0.53509414
32585,0.47906485
32586,0.59626025
32587,0.59706926
32588,0.42309323
32589,0.48690516
32590,0.5312936
32591,0.50318563
32592,0.55731064
32593,0.45852125
32594,0.44470322
32595,0.47008887
32596,0.48639017
32597,0.45946994
32598,0.5715813
32599,0.43168128
32600,0.3965075
32601,0.6263615
32602,0.4547988
32603,0.46298835
32604,0.4647678
32605,0.4825312
32606,0.6532825
32607,0.47465396
32608,0.5721888
32609,0.5335076
32610,0.50267357
32611,0.5614062
32612,0.5484732
32613,0.55775166
32614,0.53130805
32615,0.5267701
32616,0.3912447
32617,0.5367223
32618,0.5690526
32619,0.45962027
32620,0.4785942
32621,0.39888978
32622,0.6132682
32623,0.5125517
32624,0.44623068
32625,0.48257464
32626,0.45410833
32627,0.56688786
32628,0.45775086
32629,0.48159432
32630,0.46948922
32631,0.59119236
32632,0.47189543
32633,0.48444504
32634,0.6888517
32635,0.52896035
32636,0.5845978
32637,0.5572118
32638,0.45211047
32639,0.5492116
32640,0.5151004
32641,0.53890085
32642,0.5429447
32643,0.5093114
32644,0.5243211
32645,0.4764645
32646,0.55999446
32647,0.5713879
32648,0.574486
32649,0.47413966
32650,0.541417
32651,0.4434406
32652,0.49334037
32653,0.6334143
32654,0.4855961
32655,0.5293962
32656,0.549248
32657,0.56096274
32658,0.5527243
32659,0.45298257
32660,0.48927718
32661,0.47357056
32662,0.5273852
32663,0.8033098
32664,0.64217836
32665,0.47546518
32666,0.44662425
32667,0.4160458
32668,0.59899616
32669,0.46074742
32670,0.98518
32671,0.5500503
32672,0.6006155
32673,0.45557627
32674,0.4368533
32675,0.56230754
32676,0.5547448
32677,0.4710325
32678,0.5941699
32679,0.5742495
32680,0.6050347
32681,0.55060613
32682,0.6371787
32683,0.4217376
32684,0.44310153
32685,0.56767356
32686,0.473396
32687,0.47640908
32688,0.38668123
32689,0.45478857
32690,0.47284168
32691,0.44307578
32692,0.45375508
32693,0.5364138
32694,0.56257254
32695,0.59543383
32696,0.5417702
32697,0.4923085
32698,0.5593448
32699,0.5600806
32700,0.4340747
32701,0.54034716
32702,0.4695626
32703,0.4590654
32704,0.47444895
32705,0.520282
32706,0.5675874
32707,0.5342792
32708,0.46810615
32709,0.38355103
32710,0.4395891
32711,0.46614012
32712,0.5197966
32713,0.60188437
32714,0.51292914
32715,0.56186336
32716,0.45120624
32717,0.49062198
32718,0.46415102
32719,0.59520924
32720,0.48418728
32721,0.561689
32722,0.44050458
32723,0.54781455
32724,0.5035912
32725,0.57128465
32726,0.38295984
32727,0.44451144
32728,0.6065405
32729,0.52047527
32730,0.58148354
32731,0.5484874
32732,0.6582384
32733,0.48397884
32734,0.4499456
32735,0.6228076
32736,0.51227635
32737,0.45501366
32738,0.73027885
32739,0.5613923
32740,0.57534075
32741,0.45668793
32742,0.53455186
32743,0.40071005
32744,0.8207367
32745,0.5515572
32746,0.5541009
32747,0.4758336
32748,0.4538425
32749,0.49680522
32750,0.5625831
32751,0.4737484
32752,0.47795025
32753,0.45383435
32754,0.44911212
32755,0.5533972
32756,0.472616
32757,0.5585541
32758,0.4455614
32759,0.47888154
32760,0.5127232
32761,0.727947
32762,0.44867685
32763,0.44481498
32764,0.58581656
32765,0.47798452
32766,0.5659599
32767,0.511813
32768,0.53515095
