Id,Y
16384,0.5841934
16385,0.60271555
16386,0.9925841
16387,0.99462163
16388,0.7976009
16389,0.98983264
16390,0.36316642
16391,0.8286903
16392,0.9735574
16393,0.98856735
16394,0.9886531
16395,0.8290443
16396,0.9658455
16397,0.94553906
16398,0.5141996
16399,0.9907774
16400,0.9217183
16401,0.986244
16402,0.99313724
16403,0.8863328
16404,0.8028943
16405,0.81006676
16406,0.7931316
16407,0.74406123
16408,0.98987144
16409,0.9675647
16410,0.4304896
16411,0.47582218
16412,0.9776414
16413,0.47964537
16414,0.90723413
16415,0.9151339
16416,0.94527644
16417,0.8942924
16418,0.99515116
16419,0.91156507
16420,0.9910857
16421,0.26834986
16422,0.9909849
16423,0.8942551
16424,0.98464394
16425,0.98474926
16426,0.981931
16427,0.9969194
16428,0.98287845
16429,0.96030116
16430,0.8152681
16431,0.88975877
16432,0.99464095
16433,0.98519194
16434,0.9391923
16435,0.98004913
16436,0.9951644
16437,0.8874855
16438,0.5281296
16439,0.97501504
16440,0.6301318
16441,0.9420369
16442,0.9969812
16443,0.9976382
16444,0.03869115
16445,0.8975638
16446,0.66549695
16447,0.7565172
16448,0.96000654
16449,0.70941967
16450,0.5267587
16451,0.97490716
16452,0.74014354
16453,0.8483476
16454,0.79626745
16455,0.7939692
16456,0.9973749
16457,0.98121154
16458,0.91902596
16459,0.97383183
16460,0.9885882
16461,0.998672
16462,0.6464286
16463,0.89839906
16464,0.99948907
16465,0.9958561
16466,0.59508723
16467,0.6317038
16468,0.5448833
16469,0.66111743
16470,0.9955309
16471,0.84692127
16472,0.97300905
16473,0.90116054
16474,0.7383704
16475,0.95734584
16476,0.74029803
16477,0.8675596
16478,0.8266933
16479,0.98337376
16480,0.9344826
16481,0.77987653
16482,0.99431396
16483,0.7799196
16484,0.8826195
16485,0.7740836
16486,0.9864391
16487,0.8083055
16488,0.02814076
16489,0.926797
16490,0.8425774
16491,0.9979048
16492,0.6124071
16493,0.9906063
16494,0.54899514
16495,0.96510106
16496,0.9862765
16497,0.8267382
16498,0.99464625
16499,0.99084514
16500,0.8678445
16501,0.32605636
16502,0.7880289
16503,0.6350158
16504,0.8896645
16505,0.984903
16506,0.75293523
16507,0.5065983
16508,0.9307913
16509,0.60989547
16510,0.04548739
16511,0.639539
16512,0.99613404
16513,0.9914078
16514,0.47164828
16515,0.6611471
16516,0.5935602
16517,0.27579814
16518,0.73525846
16519,0.92395973
16520,0.5656266
16521,0.41385463
16522,0.4408789
16523,0.6208695
16524,0.91365147
16525,0.7449652
16526,0.97658575
16527,0.9170238
16528,0.8831724
16529,0.94919056
16530,0.70772654
16531,0.17904997
16532,0.99545395
16533,0.5422667
16534,0.995817
16535,0.982179
16536,0.8100235
16537,0.6480706
16538,0.8566864
16539,0.6638699
16540,0.8542146
16541,0.5141107
16542,0.9937447
16543,0.5505913
16544,0.9223069
16545,0.99100304
16546,0.108062595
16547,0.39577892
16548,0.7676478
16549,0.9726069
16550,0.767484
16551,0.83699846
16552,0.96880317
16553,0.6811034
16554,0.95043695
16555,0.9218353
16556,0.66776574
16557,0.7329712
16558,0.8854923
16559,0.6803712
16560,0.7803128
16561,0.9311595
16562,0.38618284
16563,0.8307986
16564,0.4986084
16565,0.8569026
16566,0.9375985
16567,0.2514213
16568,0.97855043
16569,0.93279505
16570,0.7258402
16571,0.9791627
16572,0.45276132
16573,0.51255035
16574,0.96749854
16575,0.731231
16576,0.9575466
16577,0.76072013
16578,0.9701938
16579,0.8553209
16580,0.40488818
16581,0.008756154
16582,0.6006806
16583,0.8965922
16584,0.841638
16585,0.99794453
16586,0.9982882
16587,0.923575
16588,0.9905923
16589,0.99635714
16590,0.993357
16591,0.9013669
16592,0.61356276
16593,0.99704915
16594,0.8434617
16595,0.7774227
16596,0.9340488
16597,0.9290988
16598,0.82934344
16599,0.5164843
16600,0.900103
16601,0.92173624
16602,0.99281114
16603,0.9923888
16604,0.95861983
16605,0.9982481
16606,0.93447894
16607,0.16970143
16608,0.99735224
16609,0.826782
16610,0.9096015
16611,0.97562635
16612,0.9405104
16613,0.9557076
16614,0.8747986
16615,0.9881847
16616,0.4669153
16617,0.9805058
16618,0.9807133
16619,0.70613426
16620,0.98445535
16621,0.7551327
16622,0.39589715
16623,0.9612245
16624,0.9439228
16625,0.9788261
16626,0.8489953
16627,0.73958874
16628,0.6422491
16629,0.9871951
16630,0.99724627
16631,0.9946321
16632,0.8840827
16633,0.77807146
16634,0.81210583
16635,0.9776444
16636,0.3995467
16637,0.9959519
16638,0.9509776
16639,0.9461146
16640,0.90219253
16641,0.9576086
16642,0.86454517
16643,0.708526
16644,0.5867974
16645,0.7572897
16646,0.84670234
16647,0.92407817
16648,0.84560347
16649,0.98591447
16650,0.7544473
16651,0.97899765
16652,0.6262146
16653,0.012917006
16654,0.9987571
16655,0.8935243
16656,0.98640895
16657,0.9913987
16658,0.985321
16659,0.9722178
16660,0.8336466
16661,0.828215
16662,0.83439326
16663,0.83998907
16664,0.72461915
16665,0.98497343
16666,0.97717196
16667,0.9835278
16668,0.9950523
16669,0.99530715
16670,0.995469
16671,0.6056043
16672,0.9211856
16673,0.9978142
16674,0.9976674
16675,0.8837271
16676,0.99497235
16677,0.99518085
16678,0.9950783
16679,0.99185395
16680,0.69108033
16681,0.86147887
16682,0.96279716
16683,0.44530684
16684,0.55653375
16685,0.97300345
16686,0.91414475
16687,0.964385
16688,0.8488238
16689,0.9959526
16690,0.9844363
16691,0.9755215
16692,0.8363081
16693,0.88488436
16694,0.63021374
16695,0.99644333
16696,0.92189395
16697,0.77550584
16698,0.9745049
16699,0.7184805
16700,0.97482514
16701,0.33644736
16702,0.99686
16703,0.93188834
16704,0.9885717
16705,0.016256347
16706,0.99889815
16707,0.11397795
16708,0.8816841
16709,0.9963206
16710,0.6407835
16711,0.81268096
16712,0.99687177
16713,0.8161493
16714,0.97659564
16715,0.9814511
16716,0.9557304
16717,0.9187974
16718,0.913133
16719,0.54466033
16720,0.9896247
16721,0.9140081
16722,0.9897417
16723,0.9968828
16724,0.2612151
16725,0.99573416
16726,0.66232026
16727,0.98102725
16728,0.9788309
16729,0.8533223
16730,0.7766432
16731,0.69016635
16732,0.9938355
16733,0.92383987
16734,0.9056869
16735,0.97842705
16736,0.5071811
16737,0.98535764
16738,0.78826314
16739,0.821914
16740,0.78852856
16741,0.7162644
16742,0.83501846
16743,0.9618058
16744,0.99841404
16745,0.86786765
16746,0.94578415
16747,0.977086
16748,0.99377865
16749,0.941892
16750,0.99704164
16751,0.5566409
16752,0.993343
16753,0.64873713
16754,0.93920964
16755,0.9911873
16756,0.40786836
16757,0.99003255
16758,0.969583
16759,0.9742916
16760,0.75191605
16761,0.9943561
16762,0.7996369
16763,0.8784024
16764,0.945764
16765,0.9951172
16766,0.45111093
16767,0.23236163
16768,0.14690922
16769,0.11121277
16770,0.8325307
16771,0.697116
16772,0.5858012
16773,0.6533712
16774,0.62510407
16775,0.9958264
16776,0.6994767
16777,0.41749665
16778,0.86071277
16779,0.6933777
16780,0.9948489
16781,0.9925545
16782,0.9423472
16783,0.9891272
16784,0.96225023
16785,0.7156556
16786,0.91257405
16787,0.98242235
16788,0.75130975
16789,0.4398417
16790,0.42830244
16791,0.86057526
16792,0.63693494
16793,0.99736893
16794,0.9822792
16795,0.9950353
16796,0.994998
16797,0.715474
16798,0.70950043
16799,0.65276533
16800,0.8497635
16801,0.5403442
16802,0.64697856
16803,0.8200482
16804,0.7914374
16805,0.73787963
16806,0.8707187
16807,0.9846001
16808,0.96558696
16809,0.41469812
16810,0.99765515
16811,0.9023314
16812,0.90668297
16813,0.9250166
16814,0.9974728
16815,0.4085752
16816,0.99280244
16817,0.9887605
16818,0.9949961
16819,0.99319696
16820,0.9203321
16821,0.9850429
16822,0.99272823
16823,0.9342966
16824,0.90358543
16825,0.7477808
16826,0.98113084
16827,0.15325786
16828,0.54437166
16829,0.6984197
16830,0.8539348
16831,0.9886171
16832,0.4865349
16833,0.9256501
16834,0.8446333
16835,0.9221387
16836,0.61627424
16837,0.9870908
16838,0.613199
16839,0.8692903
16840,0.62106276
16841,0.91769946
16842,0.99125683
16843,0.7192692
16844,0.87815404
16845,0.9723107
16846,0.9981248
16847,0.4633968
16848,0.98700446
16849,0.9365527
16850,0.5916983
16851,0.7514683
16852,0.9881378
16853,0.9866606
16854,0.39786395
16855,0.9396203
16856,0.44402277
16857,0.98890674
16858,0.9847681
16859,0.84991634
16860,0.5332543
16861,0.75332
16862,0.98581886
16863,0.9336868
16864,0.8367642
16865,0.007884175
16866,0.9844551
16867,0.26253974
16868,0.6986627
16869,0.9857831
16870,0.6993846
16871,0.97605795
16872,0.25085384
16873,0.98709655
16874,0.7607163
16875,0.9963325
16876,0.9947767
16877,0.9014873
16878,0.88182694
16879,0.97993314
16880,0.78112036
16881,0.9247802
16882,0.935536
16883,0.9924349
16884,0.9862444
16885,0.8659874
16886,0.9943429
16887,0.9428785
16888,0.92390233
16889,0.96939003
16890,0.99570614
16891,0.93742234
16892,0.9337385
16893,0.894217
16894,0.99178845
16895,0.19100128
16896,0.0024031983
16897,0.53212327
16898,0.8764457
16899,0.9939089
16900,0.9757421
16901,0.930731
16902,0.8674774
16903,0.85274667
16904,0.95753586
16905,0.72610927
16906,0.8788013
16907,0.8781477
16908,0.99292386
16909,0.9190994
16910,0.70327854
16911,0.8187349
16912,0.9932187
16913,0.98400706
16914,0.7696931
16915,0.8180357
16916,0.91160923
16917,0.872944
16918,0.91286385
16919,0.571499
16920,0.97427297
16921,0.91067815
16922,0.83280194
16923,0.9870952
16924,0.99370307
16925,0.8189519
16926,0.95453376
16927,0.933176
16928,0.6503354
16929,0.98553944
16930,0.5354454
16931,0.9500628
16932,0.99431944
16933,0.63559496
16934,0.8096384
16935,0.9876773
16936,0.9846296
16937,0.9953336
16938,0.74480695
16939,0.7119622
16940,0.9735649
16941,0.4723893
16942,0.87554693
16943,0.98328584
16944,0.926664
16945,0.9969387
16946,0.8958681
16947,0.4050967
16948,0.98924303
16949,0.83557856
16950,0.5686077
16951,0.3377678
16952,0.5227697
16953,0.6749302
16954,0.9387243
16955,0.98828655
16956,0.7222691
16957,0.42236447
16958,0.64595896
16959,0.92098826
16960,0.84673
16961,0.9170257
16962,0.995374
16963,0.77789354
16964,0.70340294
16965,0.9910424
16966,0.988374
16967,0.93867666
16968,0.34565544
16969,0.6338861
16970,0.90447044
16971,0.93340117
16972,0.9910579
16973,0.83444685
16974,0.63815904
16975,0.22524866
16976,0.7434198
16977,0.8857695
16978,0.53408766
16979,0.9199808
16980,0.9934731
16981,0.88091666
16982,0.32192272
16983,0.9959901
16984,0.8703208
16985,0.82160014
16986,0.34939185
16987,0.6064594
16988,0.7776142
16989,0.49487802
16990,0.89070404
16991,0.53646976
16992,0.965974
16993,0.99799794
16994,0.7375264
16995,0.019189594
16996,0.9083942
16997,0.8624234
16998,0.5907805
16999,0.4261025
17000,0.95863134
17001,0.7292067
17002,0.78774756
17003,0.66205555
17004,0.9872666
17005,0.99301225
17006,0.5941672
17007,0.9983076
17008,0.95452183
17009,0.99249
17010,0.5652412
17011,0.83874273
17012,0.60373515
17013,0.5988117
17014,0.82030934
17015,0.99756026
17016,0.625069
17017,0.9874495
17018,0.7228727
17019,0.7060647
17020,0.75271124
17021,0.99310595
17022,0.6816806
17023,0.95672876
17024,0.803748
17025,0.7831725
17026,0.90140253
17027,0.9586793
17028,0.9937382
17029,0.8936997
17030,0.98650837
17031,0.69968283
17032,0.6024138
17033,0.27978802
17034,0.79272515
17035,0.9873533
17036,0.8900755
17037,0.9764183
17038,0.39382145
17039,0.7421553
17040,0.98012984
17041,0.7038383
17042,0.99339986
17043,0.42309558
17044,0.89217675
17045,0.99444985
17046,0.98381144
17047,0.5978391
17048,0.99555534
17049,0.9832206
17050,0.88499933
17051,0.7687909
17052,0.8234153
17053,0.9929426
17054,0.962591
17055,0.99815494
17056,0.9922157
17057,0.9960187
17058,0.9923753
17059,0.9185901
17060,0.990816
17061,0.9953544
17062,0.48231402
17063,0.716925
17064,0.99466467
17065,0.986472
17066,0.345043
17067,0.74089694
17068,0.93350774
17069,0.96362376
17070,0.99503726
17071,0.8718747
17072,0.93316567
17073,0.9829584
17074,0.36700383
17075,0.9885089
17076,0.79540014
17077,0.75459135
17078,0.9897453
17079,0.7040577
17080,0.9504921
17081,0.9736014
17082,0.9646235
17083,0.27901614
17084,0.8721267
17085,0.9801687
17086,0.72037435
17087,0.9595991
17088,0.012553098
17089,0.7585246
17090,0.9939137
17091,0.0062060077
17092,0.7999834
17093,0.7799038
17094,0.96457344
17095,0.98583835
17096,0.7488793
17097,0.95591736
17098,0.93195844
17099,0.88942546
17100,0.9829622
17101,0.9905195
17102,0.8517974
17103,0.87256736
17104,0.7640974
17105,0.8990935
17106,0.7212649
17107,0.97570217
17108,0.4093746
17109,0.887277
17110,0.36455494
17111,0.010656215
17112,0.9147727
17113,0.6426786
17114,0.7441781
17115,0.7426908
17116,0.6213517
17117,0.9889876
17118,0.81994987
17119,0.7503115
17120,0.93003386
17121,0.99474585
17122,0.77679086
17123,0.6681003
17124,0.86014307
17125,0.94156325
17126,0.91203374
17127,0.99463296
17128,0.975878
17129,0.98861384
17130,0.9980414
17131,0.97882265
17132,0.80602676
17133,0.9966922
17134,0.47274253
17135,0.4346784
17136,0.8475319
17137,0.99781185
17138,0.6813389
17139,0.6790428
17140,0.45491397
17141,0.6441733
17142,0.9333128
17143,0.98122567
17144,0.8794545
17145,0.67257893
17146,0.9431997
17147,0.7055978
17148,0.97829604
17149,0.71465594
17150,0.80874133
17151,0.97231376
17152,0.7497304
17153,0.37740463
17154,0.9914443
17155,0.94833136
17156,0.02355034
17157,0.7748339
17158,0.47376135
17159,0.03098853
17160,0.6755936
17161,0.9472331
17162,0.37720436
17163,0.8160597
17164,0.9149171
17165,0.96572423
17166,0.46039763
17167,0.86033845
17168,0.9959265
17169,0.77583694
17170,0.61345196
17171,0.9111988
17172,0.9943599
17173,0.8173676
17174,0.90833056
17175,0.6440064
17176,0.5810185
17177,0.5972609
17178,0.82698447
17179,0.69152045
17180,0.79309994
17181,0.9951912
17182,0.654703
17183,0.9959474
17184,0.9266314
17185,0.747201
17186,0.99549425
17187,0.8085809
17188,0.6671532
17189,0.8812259
17190,0.817726
17191,0.9223363
17192,0.844062
17193,0.5852926
17194,0.89365005
17195,0.98432875
17196,0.62142146
17197,0.7354574
17198,0.8255877
17199,0.990017
17200,0.9375472
17201,0.7042975
17202,0.66867024
17203,0.9873104
17204,0.84491724
17205,0.78495586
17206,0.99771607
17207,0.39747605
17208,0.98418725
17209,0.9967823
17210,0.43992537
17211,0.78131086
17212,0.998357
17213,0.9904462
17214,0.99374557
17215,0.8990059
17216,0.39618617
17217,0.9894079
17218,0.9828791
17219,0.9701412
17220,0.52658933
17221,0.72626895
17222,0.50449604
17223,0.6972187
17224,0.97856927
17225,0.9914757
17226,0.7980022
17227,0.0981493
17228,0.99259585
17229,0.79861104
17230,0.9339175
17231,0.60366255
17232,0.76648873
17233,0.7850612
17234,0.76632905
17235,0.73924947
17236,0.77845013
17237,0.7841639
17238,0.99005824
17239,0.7407043
17240,0.989184
17241,0.9163244
17242,0.65280926
17243,0.97695583
17244,0.8449524
17245,0.96564484
17246,0.95467633
17247,0.31071025
17248,0.752181
17249,0.8560188
17250,0.81028193
17251,0.8865284
17252,0.6928511
17253,0.6674017
17254,0.7127805
17255,0.8817227
17256,0.8889972
17257,0.82195306
17258,0.64217556
17259,0.9904304
17260,0.846458
17261,0.97461855
17262,0.596098
17263,0.8870658
17264,0.821039
17265,0.63668346
17266,0.54698944
17267,0.32751054
17268,0.8219824
17269,0.8149251
17270,0.98909914
17271,0.8394001
17272,0.9706268
17273,0.6186963
17274,0.9876138
17275,0.99606675
17276,0.5378136
17277,0.0030353768
17278,0.85687196
17279,0.5765566
17280,0.12221207
17281,0.7801657
17282,0.57693225
17283,0.94520676
17284,0.99293584
17285,0.56099373
17286,0.9622881
17287,0.7206492
17288,0.96692467
17289,0.64753634
17290,0.60775506
17291,0.94033426
17292,0.95057505
17293,0.9239556
17294,0.9850878
17295,0.99223137
17296,0.95926213
17297,0.3346698
17298,0.8876224
17299,0.95496017
17300,0.9062691
17301,0.9816155
17302,0.83293885
17303,0.9127671
17304,0.99129593
17305,0.2071935
17306,0.98604625
17307,0.6018047
17308,0.98874414
17309,0.54500103
17310,0.40891317
17311,0.6517968
17312,0.98887783
17313,0.8578885
17314,0.99680907
17315,0.22783536
17316,0.7057544
17317,0.9834471
17318,0.3343582
17319,0.7867713
17320,0.75408137
17321,0.99310243
17322,0.87097317
17323,0.5419202
17324,0.30854383
17325,0.9673557
17326,0.45684972
17327,0.9865992
17328,0.98672444
17329,0.92429584
17330,0.9961957
17331,0.98608726
17332,0.90354913
17333,0.51868314
17334,0.90279007
17335,0.6278697
17336,0.7827949
17337,0.9824515
17338,0.46049762
17339,0.99314415
17340,0.34524748
17341,0.29686177
17342,0.9488887
17343,0.87952703
17344,0.83638704
17345,0.8754168
17346,0.960539
17347,0.99116826
17348,0.8965504
17349,0.83836216
17350,0.49931526
17351,0.9931959
17352,0.57305646
17353,0.99674076
17354,0.98656946
17355,0.96716905
17356,0.9189573
17357,0.7716001
17358,0.38651738
17359,0.90807825
17360,0.5035581
17361,0.77429897
17362,0.01603281
17363,0.9924258
17364,0.85284585
17365,0.4513961
17366,0.9823912
17367,0.9406892
17368,0.7098245
17369,0.93937546
17370,0.84261423
17371,0.99522555
17372,0.39592588
17373,0.59817445
17374,0.8076948
17375,0.252123
17376,0.70865554
17377,0.9842627
17378,0.97312367
17379,0.85076386
17380,0.9971758
17381,0.98065186
17382,0.85082406
17383,0.9688991
17384,0.9847706
17385,0.96447533
17386,0.98633343
17387,0.9975957
17388,0.9204854
17389,0.75592375
17390,0.8984042
17391,0.8913638
17392,0.98038906
17393,0.87835646
17394,0.8688871
17395,0.94914854
17396,0.5979774
17397,0.91708374
17398,0.94361764
17399,0.9566987
17400,0.92658365
17401,0.38832343
17402,0.8731682
17403,0.9883328
17404,0.8274295
17405,0.9980882
17406,0.9982894
17407,0.9941955
17408,0.68871874
17409,0.96752155
17410,0.6939839
17411,0.99201983
17412,0.9819563
17413,0.7264645
17414,0.98539704
17415,0.53485584
17416,0.9846311
17417,0.99418324
17418,0.64710397
17419,0.9442865
17420,0.9758857
17421,0.9977458
17422,0.35659507
17423,0.9871358
17424,0.99224746
17425,0.83619535
17426,0.9810337
17427,0.9802122
17428,0.99080807
17429,0.9412372
17430,0.9948716
17431,0.836104
17432,0.9008688
17433,0.78822416
17434,0.9508608
17435,0.5555518
17436,0.96188825
17437,0.95328635
17438,0.6704279
17439,0.7141053
17440,0.9536263
17441,0.9722393
17442,0.9902582
17443,0.60495496
17444,0.7877218
17445,0.989691
17446,0.5941855
17447,0.72501826
17448,0.4218049
17449,0.6767445
17450,0.5367951
17451,0.94767565
17452,0.5381762
17453,0.99835485
17454,0.4866859
17455,0.8136213
17456,0.97014153
17457,0.92578405
17458,0.9550862
17459,0.6852593
17460,0.8708284
17461,0.99000376
17462,0.97558415
17463,0.73682034
17464,0.3135798
17465,0.7366048
17466,0.61269504
17467,0.7121305
17468,0.4382673
17469,0.8436529
17470,0.9942941
17471,0.9968856
17472,0.98713696
17473,0.9635361
17474,0.99652654
17475,0.9775955
17476,0.63517356
17477,0.96165764
17478,0.9340527
17479,0.992706
17480,0.99585754
17481,0.9970509
17482,0.87541497
17483,0.60845983
17484,0.97264737
17485,0.98817897
17486,0.5190385
17487,0.9921251
17488,0.97202086
17489,0.9933984
17490,0.6457531
17491,0.65465796
17492,0.35007584
17493,0.97923994
17494,0.9100268
17495,0.69652724
17496,0.91114634
17497,0.80581224
17498,0.81126153
17499,0.9859411
17500,0.94950616
17501,0.8033563
17502,0.48386818
17503,0.37860784
17504,0.8588838
17505,0.98832333
17506,0.8258477
17507,0.4368341
17508,0.74872977
17509,0.9273038
17510,0.9873083
17511,0.87944335
17512,0.9620664
17513,0.9829369
17514,0.9935883
17515,0.458451
17516,0.77946794
17517,0.9961766
17518,0.9928268
17519,0.7790465
17520,0.984186
17521,0.9962799
17522,0.98239315
17523,0.9453932
17524,0.85782105
17525,0.77478486
17526,0.8292256
17527,0.9977925
17528,0.9976914
17529,0.9136459
17530,0.95833
17531,0.8205812
17532,0.9113889
17533,0.0060381196
17534,0.97218204
17535,0.9866998
17536,0.63081396
17537,0.95438284
17538,0.42297983
17539,0.707643
17540,0.92006063
17541,0.9990336
17542,0.9989379
17543,0.9948148
17544,0.85081095
17545,0.74104863
17546,0.455945
17547,0.8188697
17548,0.7179248
17549,0.9841914
17550,0.8906427
17551,0.9940502
17552,0.99423295
17553,0.8088685
17554,0.99287593
17555,0.93135494
17556,0.76522845
17557,0.6966345
17558,0.9841568
17559,0.9856989
17560,0.56215566
17561,0.89287835
17562,0.44815695
17563,0.92715776
17564,0.8695489
17565,0.67164046
17566,0.9936532
17567,0.6767526
17568,0.53425086
17569,0.967546
17570,0.4570318
17571,0.8603454
17572,0.52971333
17573,0.8990011
17574,0.9906647
17575,0.7682647
17576,0.8522769
17577,0.51564735
17578,0.9918345
17579,0.7313093
17580,0.3433375
17581,0.98853356
17582,0.62003875
17583,0.90373516
17584,0.85502094
17585,0.44520578
17586,0.010523161
17587,0.6721113
17588,0.44664216
17589,0.9904522
17590,0.39376566
17591,0.9532052
17592,0.9213995
17593,0.55046797
17594,0.50217706
17595,0.99379444
17596,0.562362
17597,0.88318217
17598,0.7374469
17599,0.88051265
17600,0.8884485
17601,0.9585392
17602,0.2220403
17603,0.18375798
17604,0.35311666
17605,0.4981089
17606,0.73329693
17607,0.8241393
17608,0.7608334
17609,0.96370405
17610,0.9873648
17611,0.9957482
17612,0.9973066
17613,0.8352315
17614,0.15615231
17615,0.33702147
17616,0.99353653
17617,0.9819518
17618,0.97910655
17619,0.8235289
17620,0.8327058
17621,0.9745962
17622,0.9961637
17623,0.98659027
17624,0.8027275
17625,0.81396306
17626,0.8715537
17627,0.9964568
17628,0.9806723
17629,0.9219859
17630,0.81164545
17631,0.96539
17632,0.53187275
17633,0.68647534
17634,0.5976408
17635,0.99015135
17636,0.69869167
17637,0.6741181
17638,0.7916322
17639,0.9299283
17640,0.5667482
17641,0.77804327
17642,0.8259219
17643,0.9994499
17644,0.87317544
17645,0.9053027
17646,0.9943915
17647,0.97875845
17648,0.02693399
17649,0.8610424
17650,0.9811085
17651,0.94362974
17652,0.98128456
17653,0.94088155
17654,0.62392324
17655,0.40003568
17656,0.77254504
17657,0.84998965
17658,0.99568695
17659,0.893761
17660,0.66349655
17661,0.96129805
17662,0.9908382
17663,0.6908442
17664,0.98643506
17665,0.7404853
17666,0.47931206
17667,0.9965663
17668,0.8599956
17669,0.9937064
17670,0.97829354
17671,0.7885087
17672,0.9088541
17673,0.68970287
17674,0.74389476
17675,0.89134073
17676,0.6899501
17677,0.7950508
17678,0.99748695
17679,0.64252645
17680,0.76438224
17681,0.5972101
17682,0.848288
17683,0.64966047
17684,0.9965617
17685,0.7909427
17686,0.65879095
17687,0.96597266
17688,0.5939876
17689,0.7784208
17690,0.5324343
17691,0.6918007
17692,0.5604196
17693,0.9769636
17694,0.8527112
17695,0.937728
17696,0.011497451
17697,0.60984594
17698,0.9975969
17699,0.9068976
17700,0.9913099
17701,0.40038228
17702,0.99737996
17703,0.74206257
17704,0.6359281
17705,0.65482813
17706,0.67188525
17707,0.9533603
17708,0.96371996
17709,0.6131956
17710,0.6269682
17711,0.9668282
17712,0.8240013
17713,0.7818808
17714,0.38981912
17715,0.99767405
17716,0.22224794
17717,0.9974232
17718,0.5716178
17719,0.9580173
17720,0.9956643
17721,0.9940799
17722,0.85117316
17723,0.94800305
17724,0.8836447
17725,0.98770046
17726,0.6252827
17727,0.9927798
17728,0.118527845
17729,0.98206514
17730,0.8870194
17731,0.89152724
17732,0.96972185
17733,0.98735833
17734,0.9557883
17735,0.775248
17736,0.90755105
17737,0.5070273
17738,0.96069574
17739,0.0060167396
17740,0.23247184
17741,0.84992236
17742,0.99645716
17743,0.88932985
17744,0.8747028
17745,0.99803597
17746,0.93155086
17747,0.9231151
17748,0.99898916
17749,0.798096
17750,0.9963373
17751,0.9935068
17752,0.9862687
17753,0.77287054
17754,0.97649616
17755,0.8681057
17756,0.74935263
17757,0.85359746
17758,0.8820505
17759,0.9184111
17760,0.39039692
17761,0.9739259
17762,0.99621445
17763,0.9850653
17764,0.95933133
17765,0.9346419
17766,0.57510924
17767,0.29571736
17768,0.98985624
17769,0.95481974
17770,0.99151623
17771,0.99010897
17772,0.55147016
17773,0.9902284
17774,0.95823187
17775,0.97967005
17776,0.9968822
17777,0.59852874
17778,0.50904894
17779,0.7196155
17780,0.9748004
17781,0.8413923
17782,0.8447488
17783,0.22153893
17784,0.9494575
17785,0.43084443
17786,0.92045367
17787,0.93334144
17788,0.92297065
17789,0.9433318
17790,0.5940721
17791,0.4047688
17792,0.88903093
17793,0.29206327
17794,0.93819803
17795,0.7549944
17796,0.99094397
17797,0.9177743
17798,0.61147666
17799,0.87543505
17800,0.70197594
17801,0.97149974
17802,0.570749
17803,0.9323893
17804,0.007918429
17805,0.9943762
17806,0.98813546
17807,0.9741397
17808,0.87110204
17809,0.57021046
17810,0.7735301
17811,0.6068011
17812,0.99858546
17813,0.82174927
17814,0.99318945
17815,0.983975
17816,0.8663761
17817,0.99731785
17818,0.9910663
17819,0.85090536
17820,0.79174274
17821,0.9104304
17822,0.9613832
17823,0.9977513
17824,0.5978181
17825,0.74063116
17826,0.9573427
17827,0.99742645
17828,0.9696451
17829,0.978365
17830,0.56283087
17831,0.68162
17832,0.9827498
17833,0.9841224
17834,0.9401556
17835,0.7948581
17836,0.96263653
17837,0.9883066
17838,0.84081197
17839,0.9692049
17840,0.5471691
17841,0.6734582
17842,0.9995994
17843,0.99509865
17844,0.8811483
17845,0.98291415
17846,0.8446639
17847,0.8910402
17848,0.40130606
17849,0.93718094
17850,0.9621571
17851,0.99654645
17852,0.84366935
17853,0.93486154
17854,0.9960955
17855,0.909204
17856,0.99758065
17857,0.6580395
17858,0.9694204
17859,0.9761548
17860,0.75502276
17861,0.99903786
17862,0.9305512
17863,0.98810965
17864,0.9810574
17865,0.94948703
17866,0.90813476
17867,0.8087742
17868,0.9718484
17869,0.6904469
17870,0.9961647
17871,0.99277425
17872,0.84946525
17873,0.9598044
17874,0.9774725
17875,0.9554183
17876,0.91756797
17877,0.9966453
17878,0.52694327
17879,0.9757053
17880,0.8344626
17881,0.742546
17882,0.9452969
17883,0.90399987
17884,0.5452449
17885,0.99023485
17886,0.56496793
17887,0.88253766
17888,0.9756599
17889,0.9206232
17890,0.69475776
17891,0.67573965
17892,0.28561604
17893,0.4933896
17894,0.9971017
17895,0.9873102
17896,0.93000376
17897,0.9368707
17898,0.9980507
17899,0.9964882
17900,0.025945803
17901,0.84992075
17902,0.9876181
17903,0.9878861
17904,0.90712476
17905,0.9908857
17906,0.945814
17907,0.7017835
17908,0.5620247
17909,0.9952662
17910,0.75572234
17911,0.98993355
17912,0.643124
17913,0.98861396
17914,0.51896447
17915,0.5868697
17916,0.94130373
17917,0.9933444
17918,0.98737293
17919,0.7881898
17920,0.8465818
17921,0.909928
17922,0.9964897
17923,0.6991789
17924,0.93850404
17925,0.6456841
17926,0.98109806
17927,0.9841978
17928,0.86214215
17929,0.96108174
17930,0.7717026
17931,0.8973724
17932,0.49188846
17933,0.7849865
17934,0.98988813
17935,0.7553974
17936,0.9930627
17937,0.9359179
17938,0.26156312
17939,0.9958139
17940,0.542414
17941,0.8907638
17942,0.8937876
17943,0.30524516
17944,0.96069145
17945,0.9370036
17946,0.9315334
17947,0.956304
17948,0.7068046
17949,0.99771845
17950,0.99415004
17951,0.97523654
17952,0.7815041
17953,0.94503653
17954,0.66168916
17955,0.7002925
17956,0.7063393
17957,0.82395416
17958,0.9828448
17959,0.96978575
17960,0.86259776
17961,0.9778079
17962,0.99429625
17963,0.7634815
17964,0.8360205
17965,0.99291515
17966,0.6585698
17967,0.64647996
17968,0.8847095
17969,0.9924821
17970,0.98897165
17971,0.17395973
17972,0.86241865
17973,0.23032361
17974,0.964813
17975,0.23311892
17976,0.8146923
17977,0.99377924
17978,0.5897935
17979,0.9967354
17980,0.9955122
17981,0.9744092
17982,0.6233124
17983,0.8836752
17984,0.95755327
17985,0.6410449
17986,0.9969031
17987,0.9631764
17988,0.93318844
17989,0.93724656
17990,0.86378103
17991,0.91687864
17992,0.86487716
17993,0.9956584
17994,0.44443822
17995,0.49051735
17996,0.9689469
17997,0.7484945
17998,0.9997211
17999,0.943781
18000,0.87836933
18001,0.8795863
18002,0.71026975
18003,0.9940441
18004,0.894464
18005,0.549832
18006,0.80082935
18007,0.48163688
18008,0.5133806
18009,0.984294
18010,0.7828314
18011,0.8830701
18012,0.9800112
18013,0.8794149
18014,0.49333912
18015,0.7164195
18016,0.9959942
18017,0.9942678
18018,0.9906721
18019,0.6865224
18020,0.844022
18021,0.9927939
18022,0.82451725
18023,0.7008639
18024,0.016770694
18025,0.94409055
18026,0.59025097
18027,0.8225147
18028,0.73159903
18029,0.9950197
18030,0.96690804
18031,0.95678765
18032,0.999038
18033,0.39474756
18034,0.9927256
18035,0.98673797
18036,0.73849064
18037,0.5832947
18038,0.40969893
18039,0.9760443
18040,0.57572055
18041,0.9512477
18042,0.98695326
18043,0.73365754
18044,0.9622954
18045,0.95492965
18046,0.9741987
18047,0.69324946
18048,0.97236675
18049,0.9421478
18050,0.9965946
18051,0.9663625
18052,0.9230315
18053,0.25924107
18054,0.99171513
18055,0.9629605
18056,0.6986158
18057,0.98834395
18058,0.73488986
18059,0.9443146
18060,0.7691694
18061,0.9869767
18062,0.9403901
18063,0.80004305
18064,0.89498067
18065,0.9850091
18066,0.9665441
18067,0.98533535
18068,0.9052009
18069,0.85756916
18070,0.81614965
18071,0.54828787
18072,0.6911381
18073,0.62227654
18074,0.9936243
18075,0.936959
18076,0.4457792
18077,0.8347411
18078,0.78380287
18079,0.9583481
18080,0.99633956
18081,0.7676148
18082,0.917227
18083,0.9812323
18084,0.696476
18085,0.5853272
18086,0.9911078
18087,0.9878905
18088,0.9374966
18089,0.97044086
18090,0.99446636
18091,0.99045825
18092,0.111586064
18093,0.9919695
18094,0.2059102
18095,0.6390473
18096,0.961674
18097,0.71185756
18098,0.26006696
18099,0.9859195
18100,0.80624235
18101,0.9545266
18102,0.99420905
18103,0.67675954
18104,0.99438184
18105,0.65035856
18106,0.99734
18107,0.69604677
18108,0.91833085
18109,0.9750318
18110,0.74883646
18111,0.92132
18112,0.91825587
18113,0.82583743
18114,0.8769653
18115,0.8537063
18116,0.9965288
18117,0.7705603
18118,0.46692726
18119,0.99225414
18120,0.5682518
18121,0.4434487
18122,0.8380054
18123,0.788323
18124,0.6885189
18125,0.9898291
18126,0.982969
18127,0.94867676
18128,0.5187612
18129,0.939602
18130,0.87477314
18131,0.7474462
18132,0.7611645
18133,0.9950305
18134,0.96769506
18135,0.6155581
18136,0.99259573
18137,0.98782945
18138,0.59762573
18139,0.49702412
18140,0.68517935
18141,0.3935045
18142,0.2837281
18143,0.99460727
18144,0.99770325
18145,0.9565781
18146,0.8759727
18147,0.27135152
18148,0.25739393
18149,0.9923915
18150,0.012830808
18151,0.6155348
18152,0.89892286
18153,0.45053133
18154,0.7393529
18155,0.80457324
18156,0.9660108
18157,0.7441822
18158,0.9792869
18159,0.74140847
18160,0.9988695
18161,0.58342683
18162,0.9976503
18163,0.9489043
18164,0.9852415
18165,0.9862563
18166,0.8454718
18167,0.5543063
18168,0.7726938
18169,0.47540948
18170,0.514467
18171,0.23930557
18172,0.9844823
18173,0.94118726
18174,0.75937915
18175,0.8221354
18176,0.9778315
18177,0.97854394
18178,0.9854177
18179,0.8117859
18180,0.96059805
18181,0.9947811
18182,0.9919695
18183,0.9245483
18184,0.6364203
18185,0.7588182
18186,0.7680835
18187,0.765003
18188,0.51981896
18189,0.8232331
18190,0.90577835
18191,0.8508177
18192,0.99387157
18193,0.62671566
18194,0.88849485
18195,0.92509043
18196,0.9831269
18197,0.9937348
18198,0.89292717
18199,0.90951186
18200,0.8546543
18201,0.84565693
18202,0.26898584
18203,0.9346143
18204,0.96302354
18205,0.82560766
18206,0.833795
18207,0.97995985
18208,0.9552862
18209,0.7993069
18210,0.6424683
18211,0.99452597
18212,0.96801287
18213,0.99498487
18214,0.9905268
18215,0.9129625
18216,0.9301567
18217,0.8979315
18218,0.9978531
18219,0.65457696
18220,0.34019354
18221,0.99565876
18222,0.9827387
18223,0.8136633
18224,0.5864666
18225,0.59978133
18226,0.59105104
18227,0.829422
18228,0.9871509
18229,0.931284
18230,0.97891766
18231,0.8068175
18232,0.98673975
18233,0.9995826
18234,0.7731005
18235,0.86277217
18236,0.82157147
18237,0.98864996
18238,0.5870458
18239,0.9486436
18240,0.73731047
18241,0.9867187
18242,0.77309215
18243,0.9112592
18244,0.9981926
18245,0.76631695
18246,0.8805251
18247,0.74064153
18248,0.6754811
18249,0.9959655
18250,0.99819535
18251,0.9942438
18252,0.97914875
18253,0.78748494
18254,0.7342879
18255,0.98974705
18256,0.77838606
18257,0.3179677
18258,0.90400076
18259,0.99133885
18260,0.99267054
18261,0.95926464
18262,0.9918113
18263,0.9014899
18264,0.9992716
18265,0.99752766
18266,0.9783318
18267,0.4164804
18268,0.85959
18269,0.99530244
18270,0.5952782
18271,0.9958263
18272,0.8340956
18273,0.9133106
18274,0.9851162
18275,0.9896264
18276,0.9908597
18277,0.99008405
18278,0.62340254
18279,0.7181359
18280,0.63977253
18281,0.8678822
18282,0.7729924
18283,0.14880134
18284,0.6726899
18285,0.99657756
18286,0.99004656
18287,0.990615
18288,0.9429524
18289,0.8551421
18290,0.8399176
18291,0.9922592
18292,0.92498803
18293,0.85147023
18294,0.9913935
18295,0.41322663
18296,0.93293625
18297,0.99286795
18298,0.91845214
18299,0.493184
18300,0.8429507
18301,0.7305877
18302,0.88662386
18303,0.005294883
18304,0.69451857
18305,0.98097014
18306,0.8534435
18307,0.9628722
18308,0.7180056
18309,0.74755585
18310,0.6810125
18311,0.73619723
18312,0.8206476
18313,0.3921005
18314,0.6875631
18315,0.99143
18316,0.9597021
18317,0.68235904
18318,0.4650006
18319,0.9955974
18320,0.99718046
18321,0.9795822
18322,0.60455936
18323,0.9907164
18324,0.7232142
18325,0.8143573
18326,0.6898777
18327,0.27808493
18328,0.995883
18329,0.997834
18330,0.99368435
18331,0.8482849
18332,0.025507197
18333,0.935349
18334,0.99607724
18335,0.99404705
18336,0.9539592
18337,0.79752445
18338,0.98214954
18339,0.8004254
18340,0.8142022
18341,0.98958474
18342,0.4977929
18343,0.48797065
18344,0.68784344
18345,0.8012368
18346,0.9804022
18347,0.08293252
18348,0.6736515
18349,0.9976058
18350,0.9977447
18351,0.9402454
18352,0.963591
18353,0.8751196
18354,0.9661401
18355,0.8738493
18356,0.26118174
18357,0.97410786
18358,0.6124629
18359,0.8910476
18360,0.9858307
18361,0.99488103
18362,0.9404912
18363,0.6661242
18364,0.9692393
18365,0.9981413
18366,0.21141335
18367,0.97717446
18368,0.99653095
18369,0.6272872
18370,0.81215227
18371,0.9977265
18372,0.8633574
18373,0.99625754
18374,0.4566368
18375,0.48871413
18376,0.9971973
18377,0.960363
18378,0.8927395
18379,0.20193295
18380,0.9729469
18381,0.99695444
18382,0.99646926
18383,0.19207881
18384,0.9952062
18385,0.85686773
18386,0.44027078
18387,0.72292703
18388,0.73352015
18389,0.9918731
18390,0.31891173
18391,0.9444127
18392,0.8994291
18393,0.8479737
18394,0.9862307
18395,0.7744131
18396,0.5991951
18397,0.96618414
18398,0.9924125
18399,0.631219
18400,0.92184174
18401,0.3345228
18402,0.9897295
18403,0.77341026
18404,0.7618219
18405,0.9940608
18406,0.019381354
18407,0.5396345
18408,0.9030762
18409,0.8339748
18410,0.9935935
18411,0.9983103
18412,0.612774
18413,0.8003599
18414,0.74218744
18415,0.9650324
18416,0.7517032
18417,0.8395938
18418,0.99609935
18419,0.5864997
18420,0.5208674
18421,0.2838948
18422,0.9682322
18423,0.8354407
18424,0.9875279
18425,0.9567175
18426,0.99486035
18427,0.7845182
18428,0.51883656
18429,0.95244414
18430,0.9924327
18431,0.9793817
18432,0.85535634
18433,0.74633026
18434,0.99680364
18435,0.98809415
18436,0.7303442
18437,0.8894472
18438,0.77123547
18439,0.8038052
18440,0.7818055
18441,0.9962664
18442,0.9969593
18443,0.7643076
18444,0.9821055
18445,0.79838955
18446,0.019481827
18447,0.954744
18448,0.9313262
18449,0.6369163
18450,0.833804
18451,0.9849895
18452,0.9788543
18453,0.8029223
18454,0.6119961
18455,0.66943175
18456,0.869364
18457,0.93554944
18458,0.99509454
18459,0.51469153
18460,0.42516512
18461,0.34194922
18462,0.38458723
18463,0.95802665
18464,0.96822876
18465,0.95595354
18466,0.8661655
18467,0.36373222
18468,0.9831586
18469,0.88139886
18470,0.8807232
18471,0.85700434
18472,0.7331219
18473,0.965207
18474,0.9363516
18475,0.67018044
18476,0.6851648
18477,0.6814408
18478,0.99230087
18479,0.9479267
18480,0.8095447
18481,0.5340275
18482,0.17102617
18483,0.95584464
18484,0.96637106
18485,0.9299779
18486,0.45942983
18487,0.7038795
18488,0.9281369
18489,0.70941055
18490,0.9162181
18491,0.96002793
18492,0.9970078
18493,0.70960903
18494,0.98889285
18495,0.7550544
18496,0.8462291
18497,0.9927307
18498,0.9979231
18499,0.7345189
18500,0.92290455
18501,0.97431934
18502,0.99389005
18503,0.99021953
18504,0.7706886
18505,0.5346725
18506,0.9429482
18507,0.87225246
18508,0.99356115
18509,0.99033105
18510,0.9197297
18511,0.9928846
18512,0.9984484
18513,0.872148
18514,0.9829369
18515,0.46720043
18516,0.7396132
18517,0.7784842
18518,0.93519485
18519,0.710822
18520,0.20510164
18521,0.9679372
18522,0.9848444
18523,0.37440684
18524,0.72648615
18525,0.026036946
18526,0.9968988
18527,0.9493339
18528,0.99609286
18529,0.9847416
18530,0.9818749
18531,0.38279256
18532,0.75398254
18533,0.19747947
18534,0.97795576
18535,0.6677394
18536,0.8775481
18537,0.9975051
18538,0.6525705
18539,0.97513616
18540,0.6040783
18541,0.4249354
18542,0.9974076
18543,0.9997166
18544,0.68665487
18545,0.5751677
18546,0.4110972
18547,0.99296427
18548,0.67008
18549,0.037158187
18550,0.95155865
18551,0.9933688
18552,0.9831297
18553,0.9916168
18554,0.87415105
18555,0.8943593
18556,0.7818487
18557,0.9909548
18558,0.8706647
18559,0.76926994
18560,0.28288054
18561,0.68624973
18562,0.87980175
18563,0.83536744
18564,0.9744863
18565,0.00799452
18566,0.98206776
18567,0.9802127
18568,0.99521
18569,0.9355967
18570,0.026506644
18571,0.8896044
18572,0.9917613
18573,0.48864228
18574,0.84859425
18575,0.9919396
18576,0.9877843
18577,0.72007895
18578,0.9695016
18579,0.99274135
18580,0.98818886
18581,0.9572376
18582,0.9517842
18583,0.99516946
18584,0.97603434
18585,0.86105096
18586,0.94639534
18587,0.22250527
18588,0.999138
18589,0.843736
18590,0.99639505
18591,0.83697176
18592,0.99842864
18593,0.95126253
18594,0.9771882
18595,0.99283785
18596,0.4971167
18597,0.9949727
18598,0.98448586
18599,0.9814207
18600,0.53640175
18601,0.99849415
18602,0.31327033
18603,0.92624295
18604,0.9899176
18605,0.45052665
18606,0.8636532
18607,0.9909478
18608,0.96353245
18609,0.9969319
18610,0.8303606
18611,0.98472
18612,0.9905557
18613,0.95514435
18614,0.9936074
18615,0.8253922
18616,0.21161057
18617,0.8992272
18618,0.95496637
18619,0.09183317
18620,0.96713513
18621,0.75030327
18622,0.70459765
18623,0.20505217
18624,0.8930307
18625,0.7919677
18626,0.78555256
18627,0.97533256
18628,0.9809122
18629,0.9972607
18630,0.6553922
18631,0.856059
18632,0.6969092
18633,0.5407494
18634,0.8732455
18635,0.76660645
18636,0.7333698
18637,0.3902853
18638,0.5465628
18639,0.9962543
18640,0.80924875
18641,0.43716168
18642,0.96918875
18643,0.48172617
18644,0.81310457
18645,0.97324973
18646,0.9672546
18647,0.9602957
18648,0.95787877
18649,0.9974728
18650,0.7998856
18651,0.99216276
18652,0.97748876
18653,0.9566551
18654,0.7486898
18655,0.96861625
18656,0.87812793
18657,0.9012762
18658,0.9860043
18659,0.99636334
18660,0.99013406
18661,0.93307674
18662,0.4946321
18663,0.5823983
18664,0.99908054
18665,0.9916437
18666,0.89001316
18667,0.7006423
18668,0.3007635
18669,0.40330443
18670,0.007393108
18671,0.59508985
18672,0.9962289
18673,0.7872059
18674,0.9681616
18675,0.9986941
18676,0.93672997
18677,0.99690753
18678,0.950043
18679,0.9835861
18680,0.649277
18681,0.5589942
18682,0.7103638
18683,0.98766685
18684,0.92889917
18685,0.92316854
18686,0.15850314
18687,0.330744
18688,0.871621
18689,0.99239033
18690,0.9921779
18691,0.9815181
18692,0.884567
18693,0.99306893
18694,0.8627331
18695,0.8748679
18696,0.4393292
18697,0.9963728
18698,0.74669945
18699,0.4731563
18700,0.82361335
18701,0.746122
18702,0.6006313
18703,0.98605704
18704,0.967474
18705,0.98913014
18706,0.9143155
18707,0.6313811
18708,0.8571597
18709,0.41953704
18710,0.53189546
18711,0.4344306
18712,0.88144016
18713,0.9766366
18714,0.990555
18715,0.72299504
18716,0.97816306
18717,0.5076977
18718,0.99154633
18719,0.92391735
18720,0.61693674
18721,0.9945281
18722,0.7673044
18723,0.78688616
18724,0.99739516
18725,0.9952754
18726,0.6463484
18727,0.37857658
18728,0.4677909
18729,0.9926044
18730,0.6990185
18731,0.9629928
18732,0.81636816
18733,0.80039436
18734,0.845021
18735,0.9427843
18736,0.9970277
18737,0.9297014
18738,0.90758425
18739,0.9857759
18740,0.97761995
18741,0.5456829
18742,0.9926685
18743,0.860465
18744,0.93173575
18745,0.9949191
18746,0.9870301
18747,0.6170241
18748,0.46135473
18749,0.8390681
18750,0.47981954
18751,0.68622977
18752,0.997449
18753,0.97956926
18754,0.8599967
18755,0.30701876
18756,0.998396
18757,0.902065
18758,0.5884779
18759,0.8320596
18760,0.9800016
18761,0.9954471
18762,0.53032243
18763,0.9362555
18764,0.99222
18765,0.83934736
18766,0.9302613
18767,0.8006591
18768,0.8367446
18769,0.99337465
18770,0.76630807
18771,0.38177556
18772,0.79657745
18773,0.96961
18774,0.7424909
18775,0.9771184
18776,0.012901155
18777,0.77154887
18778,0.8205511
18779,0.75053674
18780,0.72808665
18781,0.82229614
18782,0.99509
18783,0.7904841
18784,0.9936825
18785,0.8624305
18786,0.47137868
18787,0.9973022
18788,0.98188674
18789,0.89428174
18790,0.7679494
18791,0.93050915
18792,0.9855855
18793,0.9026091
18794,0.82902604
18795,0.92735976
18796,0.83400863
18797,0.98168325
18798,0.90701336
18799,0.9472488
18800,0.96718574
18801,0.89702654
18802,0.47075346
18803,0.7346605
18804,0.8398184
18805,0.8497681
18806,0.88367087
18807,0.96753144
18808,0.99529403
18809,0.88921595
18810,0.9642299
18811,0.007207246
18812,0.8837658
18813,0.97587323
18814,0.54948807
18815,0.99300236
18816,0.99768305
18817,0.8758825
18818,0.36080462
18819,0.9852952
18820,0.99771106
18821,0.98649395
18822,0.9856177
18823,0.87414676
18824,0.5485106
18825,0.78707343
18826,0.8917423
18827,0.9985567
18828,0.9913981
18829,0.8264171
18830,0.4858449
18831,0.88184935
18832,0.99519265
18833,0.72191405
18834,0.8127155
18835,0.8944881
18836,0.9994747
18837,0.88058376
18838,0.8179463
18839,0.99178493
18840,0.70154184
18841,0.8449227
18842,0.9941824
18843,0.72948956
18844,0.41790864
18845,0.8629137
18846,0.9889759
18847,0.6900097
18848,0.8371266
18849,0.9958274
18850,0.82789564
18851,0.964721
18852,0.75276256
18853,0.8297737
18854,0.35999137
18855,0.9826434
18856,0.97417134
18857,0.8958435
18858,0.8829694
18859,0.976891
18860,0.983591
18861,0.93543375
18862,0.996247
18863,0.6665536
18864,0.9942741
18865,0.93403715
18866,0.7782015
18867,0.9893149
18868,0.08695396
18869,0.8996762
18870,0.88151824
18871,0.74530655
18872,0.99694115
18873,0.9267191
18874,0.93963283
18875,0.99812
18876,0.6286208
18877,0.25172445
18878,0.8861646
18879,0.650404
18880,0.8767867
18881,0.2739611
18882,0.9636055
18883,0.98323745
18884,0.6943338
18885,0.98084074
18886,0.9975673
18887,0.9887855
18888,0.9525015
18889,0.6762711
18890,0.6045101
18891,0.835434
18892,0.9507002
18893,0.9921461
18894,0.8537079
18895,0.9868994
18896,0.98800874
18897,0.90988064
18898,0.7512849
18899,0.99272186
18900,0.9783366
18901,0.0066054794
18902,0.32370624
18903,0.98977613
18904,0.4525414
18905,0.97379434
18906,0.9958631
18907,0.5164841
18908,0.7314406
18909,0.59112525
18910,0.13469829
18911,0.88263845
18912,0.53222895
18913,0.49909553
18914,0.75935096
18915,0.9919408
18916,0.86020505
18917,0.9284968
18918,0.9420218
18919,0.6055649
18920,0.988301
18921,0.9902104
18922,0.99569607
18923,0.9075177
18924,0.9966738
18925,0.9985072
18926,0.9400818
18927,0.99322104
18928,0.9826585
18929,0.8279824
18930,0.8543049
18931,0.9212949
18932,0.8534882
18933,0.9687029
18934,0.99547523
18935,0.966996
18936,0.9751344
18937,0.98728454
18938,0.9626381
18939,0.8816322
18940,0.58400095
18941,0.9828828
18942,0.9405571
18943,0.9162298
18944,0.40992096
18945,0.99732697
18946,0.9837246
18947,0.99695563
18948,0.9924378
18949,0.862607
18950,0.38439903
18951,0.50337696
18952,0.9624018
18953,0.9517279
18954,0.7969779
18955,0.9884002
18956,0.95773846
18957,0.660778
18958,0.9754106
18959,0.9404747
18960,0.5352644
18961,0.796807
18962,0.81995684
18963,0.9828241
18964,0.48033363
18965,0.015222996
18966,0.5195777
18967,0.9972567
18968,0.96989834
18969,0.005722667
18970,0.87543
18971,0.76410246
18972,0.67188495
18973,0.99600095
18974,0.99827445
18975,0.50076693
18976,0.9334561
18977,0.41185677
18978,0.812271
18979,0.80027854
18980,0.970288
18981,0.6936067
18982,0.5731937
18983,0.5485375
18984,0.9813689
18985,0.91286534
18986,0.8529993
18987,0.73985624
18988,0.9418142
18989,0.4398874
18990,0.9983164
18991,0.4263433
18992,0.9941911
18993,0.8267525
18994,0.6587239
18995,0.85358566
18996,0.008776889
18997,0.9586363
18998,0.9342859
18999,0.99480927
19000,0.9596018
19001,0.9006733
19002,0.9922382
19003,0.9943897
19004,0.7605591
19005,0.76955074
19006,0.78732616
19007,0.98149604
19008,0.9157783
19009,0.8233132
19010,0.7674891
19011,0.931375
19012,0.9831781
19013,0.9346004
19014,0.92354894
19015,0.99566984
19016,0.98676145
19017,0.7508672
19018,0.90782964
19019,0.55836046
19020,0.95661527
19021,0.7843438
19022,0.66275364
19023,0.8247958
19024,0.8499408
19025,0.76251477
19026,0.871909
19027,0.8785701
19028,0.47836223
19029,0.6859963
19030,0.9916985
19031,0.9991843
19032,0.87184507
19033,0.71371925
19034,0.10449241
19035,0.41668096
19036,0.45677963
19037,0.97590137
19038,0.991552
19039,0.81621486
19040,0.788195
19041,0.87048745
19042,0.99521446
19043,0.9717219
19044,0.74263626
19045,0.9968424
19046,0.98618156
19047,0.8919634
19048,0.8450689
19049,0.8912323
19050,0.86952406
19051,0.77469856
19052,0.28061357
19053,0.99381447
19054,0.85225344
19055,0.46677968
19056,0.9703321
19057,0.9895726
19058,0.98833466
19059,0.76926214
19060,0.9088471
19061,0.52592975
19062,0.993284
19063,0.99653316
19064,0.9061462
19065,0.9915188
19066,0.80415785
19067,0.7323267
19068,0.9665718
19069,0.68284124
19070,0.98060983
19071,0.94403416
19072,0.9149719
19073,0.9919302
19074,0.39777377
19075,0.98783964
19076,0.33613482
19077,0.9858336
19078,0.99317896
19079,0.87611204
19080,0.9779976
19081,0.9967339
19082,0.6842425
19083,0.60123885
19084,0.67078465
19085,0.86020774
19086,0.7318245
19087,0.6653602
19088,0.7953418
19089,0.9895495
19090,0.9877176
19091,0.99498415
19092,0.8119025
19093,0.60476923
19094,0.9726557
19095,0.32064682
19096,0.97729015
19097,0.85056543
19098,0.99089044
19099,0.7306383
19100,0.724546
19101,0.91615605
19102,0.9191307
19103,0.40380135
19104,0.73418564
19105,0.5873582
19106,0.9884856
19107,0.967767
19108,0.9894292
19109,0.9448422
19110,0.5640345
19111,0.9577311
19112,0.60222644
19113,0.82490325
19114,0.7621319
19115,0.37127316
19116,0.9893289
19117,0.9027677
19118,0.97744536
19119,0.51566553
19120,0.8852212
19121,0.87242246
19122,0.98216033
19123,0.9163039
19124,0.97179735
19125,0.7803655
19126,0.9937828
19127,0.993141
19128,0.47882074
19129,0.7548612
19130,0.818256
19131,0.9185
19132,0.063674785
19133,0.6524758
19134,0.96787816
19135,0.4415479
19136,0.9937505
19137,0.9632523
19138,0.86100304
19139,0.97990394
19140,0.99563354
19141,0.8185463
19142,0.98740864
19143,0.96460295
19144,0.88491505
19145,0.99741995
19146,0.997131
19147,0.9603406
19148,0.95817
19149,0.9615211
19150,0.742563
19151,0.9937937
19152,0.9959293
19153,0.7117193
19154,0.63696444
19155,0.95299804
19156,0.92183346
19157,0.85872
19158,0.85328037
19159,0.48799032
19160,0.9967691
19161,0.977014
19162,0.7682655
19163,0.9591476
19164,0.43734512
19165,0.62065977
19166,0.9324972
19167,0.99605197
19168,0.948068
19169,0.99567574
19170,0.59080464
19171,0.9954122
19172,0.5310586
19173,0.48773187
19174,0.99516726
19175,0.5551537
19176,0.9958877
19177,0.73664236
19178,0.9951278
19179,0.9908236
19180,0.80543727
19181,0.3912924
19182,0.9091572
19183,0.47477353
19184,0.110425614
19185,0.9586768
19186,0.8095967
19187,0.6996392
19188,0.8573381
19189,0.868143
19190,0.6857701
19191,0.9837779
19192,0.06486665
19193,0.7189465
19194,0.8353508
19195,0.4702756
19196,0.9472424
19197,0.915656
19198,0.6235941
19199,0.99421495
19200,0.8524723
19201,0.9637242
19202,0.944087
19203,0.9927471
19204,0.9941949
19205,0.94393915
19206,0.99510163
19207,0.98364973
19208,0.86672765
19209,0.6864541
19210,0.9914586
19211,0.50246227
19212,0.94712037
19213,0.7195591
19214,0.92881143
19215,0.43798
19216,0.5372626
19217,0.99580425
19218,0.9886451
19219,0.8916002
19220,0.7860763
19221,0.97940594
19222,0.8018169
19223,0.88239014
19224,0.6200011
19225,0.65105855
19226,0.83373433
19227,0.974378
19228,0.9342295
19229,0.7188629
19230,0.99814403
19231,0.96704584
19232,0.7998326
19233,0.9967891
19234,0.6135897
19235,0.8370534
19236,0.98283434
19237,0.9887318
19238,0.9978289
19239,0.99231464
19240,0.97958654
19241,0.7132811
19242,0.99422437
19243,0.993321
19244,0.2813601
19245,0.99776566
19246,0.7733576
19247,0.99416465
19248,0.94295925
19249,0.93960315
19250,0.93726146
19251,0.8509386
19252,0.6068389
19253,0.5695228
19254,0.8359404
19255,0.7388342
19256,0.005483054
19257,0.9547557
19258,0.017753562
19259,0.96605176
19260,0.9048446
19261,0.8199016
19262,0.98601377
19263,0.3266507
19264,0.9954998
19265,0.4622726
19266,0.6861553
19267,0.9438052
19268,0.618889
19269,0.87359375
19270,0.4232252
19271,0.19297433
19272,0.6574718
19273,0.95933175
19274,0.8995475
19275,0.9436217
19276,0.65441644
19277,0.929674
19278,0.8763156
19279,0.784532
19280,0.86125743
19281,0.7547193
19282,0.7480448
19283,0.50513595
19284,0.9960312
19285,0.8870509
19286,0.8427495
19287,0.30121243
19288,0.9033907
19289,0.8931111
19290,0.8070937
19291,0.47252256
19292,0.9934651
19293,0.9191987
19294,0.99392253
19295,0.9907573
19296,0.7583605
19297,0.82868487
19298,0.87119395
19299,0.9889753
19300,0.8615279
19301,0.7502541
19302,0.6658042
19303,0.8865696
19304,0.6657549
19305,0.8537901
19306,0.60617
19307,0.9929108
19308,0.94988626
19309,0.5126393
19310,0.95293635
19311,0.65985805
19312,0.9908484
19313,0.41653913
19314,0.9064862
19315,0.99807537
19316,0.97027415
19317,0.99415225
19318,0.9634333
19319,0.9734558
19320,0.3322894
19321,0.94856787
19322,0.99945146
19323,0.99518627
19324,0.4600525
19325,0.9945311
19326,0.21804078
19327,0.76656216
19328,0.93377894
19329,0.9772739
19330,0.5604542
19331,0.79928917
19332,0.99806577
19333,0.8307415
19334,0.997898
19335,0.87579775
19336,0.9816803
19337,0.9575069
19338,0.6714548
19339,0.46424755
19340,0.78847146
19341,0.6754241
19342,0.69874156
19343,0.45949697
19344,0.87871933
19345,0.96389306
19346,0.9906893
19347,0.99798286
19348,0.9952918
19349,0.8273615
19350,0.9846459
19351,0.99247617
19352,0.99837106
19353,0.8752746
19354,0.941602
19355,0.8341991
19356,0.93088025
19357,0.9547075
19358,0.30463532
19359,0.8406052
19360,0.95910615
19361,0.014936023
19362,0.86193097
19363,0.99735355
19364,0.9915481
19365,0.80638987
19366,0.6586981
19367,0.91222304
19368,0.99347645
19369,0.9814881
19370,0.9216935
19371,0.83643603
19372,0.58367926
19373,0.87607086
19374,0.5923215
19375,0.47690466
19376,0.8031158
19377,0.9249972
19378,0.8786645
19379,0.7912936
19380,0.88825846
19381,0.90526134
19382,0.9643835
19383,0.98035127
19384,0.98952043
19385,0.9167508
19386,0.9374879
19387,0.22045833
19388,0.9843768
19389,0.98603034
19390,0.42069042
19391,0.8850446
19392,0.7598645
19393,0.9587597
19394,0.71200323
19395,0.9965861
19396,0.995168
19397,0.97082484
19398,0.8715296
19399,0.9973008
19400,0.99560094
19401,0.47757354
19402,0.9889093
19403,0.81925106
19404,0.87260514
19405,0.93147165
19406,0.97701323
19407,0.731324
19408,0.9939621
19409,0.76042724
19410,0.6599143
19411,0.7829083
19412,0.92825574
19413,0.9393508
19414,0.5519659
19415,0.59432364
19416,0.9296129
19417,0.9703841
19418,0.949289
19419,0.9724453
19420,0.9371843
19421,0.9927093
19422,0.5710646
19423,0.91806495
19424,0.90602106
19425,0.8844219
19426,0.99088
19427,0.968169
19428,0.7835964
19429,0.6716277
19430,0.88413954
19431,0.8520844
19432,0.09900793
19433,0.82698977
19434,0.9711573
19435,0.8703656
19436,0.48144537
19437,0.9885356
19438,0.9931705
19439,0.9908264
19440,0.7647553
19441,0.99223375
19442,0.6851014
19443,0.04707828
19444,0.99140066
19445,0.9938626
19446,0.06568286
19447,0.9338517
19448,0.98538524
19449,0.36186332
19450,0.8902994
19451,0.80386764
19452,0.5684148
19453,0.92614424
19454,0.0053727566
19455,0.99599516
19456,0.9918675
19457,0.86895514
19458,0.6414431
19459,0.31579334
19460,0.99430674
19461,0.097710125
19462,0.6065091
19463,0.8624941
19464,0.9945222
19465,0.92709297
19466,0.8884239
19467,0.5932752
19468,0.9056873
19469,0.9860762
19470,0.81904054
19471,0.24801414
19472,0.995918
19473,0.2264495
19474,0.9521351
19475,0.87561375
19476,0.7731748
19477,0.9953151
19478,0.6644647
19479,0.8904332
19480,0.69845456
19481,0.99113095
19482,0.7432802
19483,0.9849731
19484,0.99192965
19485,0.23780288
19486,0.9081022
19487,0.9960472
19488,0.8131735
19489,0.70843905
19490,0.8564942
19491,0.6202521
19492,0.99720156
19493,0.8530818
19494,0.986233
19495,0.975251
19496,0.85460865
19497,0.9412178
19498,0.9945879
19499,0.6877526
19500,0.9064255
19501,0.8444618
19502,0.011621651
19503,0.99549884
19504,0.9987112
19505,0.9365453
19506,0.9972777
19507,0.6773457
19508,0.8701117
19509,0.018383393
19510,0.83958185
19511,0.9932794
19512,0.9630828
19513,0.43283278
19514,0.95216566
19515,0.9499213
19516,0.48080558
19517,0.9862185
19518,0.745112
19519,0.9916156
19520,0.99692
19521,0.8415452
19522,0.9581168
19523,0.7926761
19524,0.9199642
19525,0.9608532
19526,0.800524
19527,0.8410516
19528,0.5139662
19529,0.549493
19530,0.7613165
19531,0.92013466
19532,0.56116647
19533,0.95741075
19534,0.9940065
19535,0.9870591
19536,0.006222858
19537,0.9903502
19538,0.849372
19539,0.60565567
19540,0.98226595
19541,0.7026508
19542,0.90492123
19543,0.9575433
19544,0.31275117
19545,0.92061347
19546,0.34432855
19547,0.9775737
19548,0.99330163
19549,0.6917329
19550,0.99252546
19551,0.90827763
19552,0.8602276
19553,0.9995721
19554,0.9944764
19555,0.8904321
19556,0.9823439
19557,0.9803704
19558,0.99478453
19559,0.9881241
19560,0.9987005
19561,0.8021195
19562,0.42550835
19563,0.5799392
19564,0.7958336
19565,0.37981027
19566,0.8695035
19567,0.98677397
19568,0.99464685
19569,0.9437609
19570,0.33272862
19571,0.95799583
19572,0.38806182
19573,0.8449038
19574,0.96533346
19575,0.41985747
19576,0.80200803
19577,0.5735238
19578,0.7372839
19579,0.8882085
19580,0.9042391
19581,0.99824417
19582,0.5976842
19583,0.9906114
19584,0.6360426
19585,0.39338198
19586,0.79773897
19587,0.7011816
19588,0.5027935
19589,0.8224647
19590,0.756662
19591,0.78141665
19592,0.38291773
19593,0.50363207
19594,0.9496331
19595,0.98637956
19596,0.9459217
19597,0.9615133
19598,0.9731303
19599,0.9908885
19600,0.97907126
19601,0.67133427
19602,0.98687357
19603,0.99464613
19604,0.99410325
19605,0.69004846
19606,0.78352994
19607,0.9066976
19608,0.0059372406
19609,0.96836734
19610,0.45039845
19611,0.9941962
19612,0.9838621
19613,0.9963605
19614,0.96554315
19615,0.8667273
19616,0.80358016
19617,0.9934528
19618,0.9768097
19619,0.80879873
19620,0.7864723
19621,0.9766151
19622,0.99700767
19623,0.99779886
19624,0.9934628
19625,0.26831216
19626,0.9875936
19627,0.9643561
19628,0.6915412
19629,0.6609052
19630,0.9608237
19631,0.9317965
19632,0.7839251
19633,0.9319734
19634,0.883101
19635,0.62477994
19636,0.8302077
19637,0.98550737
19638,0.70043224
19639,0.17068814
19640,0.9594605
19641,0.9895677
19642,0.9686216
19643,0.049407337
19644,0.6629398
19645,0.9911697
19646,0.6542142
19647,0.28948787
19648,0.9798195
19649,0.09076564
19650,0.9948549
19651,0.3676617
19652,0.9982029
19653,0.9753434
19654,0.8595781
19655,0.90460974
19656,0.7627572
19657,0.507706
19658,0.99419504
19659,0.9977323
19660,0.87670004
19661,0.85423356
19662,0.9847761
19663,0.9949485
19664,0.9115446
19665,0.9413765
19666,0.950291
19667,0.762859
19668,0.57533914
19669,0.9914978
19670,0.2964852
19671,0.74481636
19672,0.924865
19673,0.7837003
19674,0.9790942
19675,0.86491776
19676,0.99333066
19677,0.96727943
19678,0.99557
19679,0.89829725
19680,0.99184614
19681,0.5657831
19682,0.9738645
19683,0.8141071
19684,0.89146584
19685,0.9399926
19686,0.0030905528
19687,0.9956494
19688,0.98590964
19689,0.79829806
19690,0.98378307
19691,0.9223945
19692,0.69445807
19693,0.81133556
19694,0.057370596
19695,0.55044633
19696,0.7423334
19697,0.70576763
19698,0.8575483
19699,0.8928643
19700,0.9820441
19701,0.9868731
19702,0.8121576
19703,0.93737835
19704,0.720253
19705,0.5287677
19706,0.9515443
19707,0.76544654
19708,0.9068094
19709,0.99514943
19710,0.9627913
19711,0.9854129
19712,0.93698096
19713,0.85307074
19714,0.9984768
19715,0.7860815
19716,0.084934704
19717,0.9737639
19718,0.9948369
19719,0.99217415
19720,0.9901754
19721,0.7180642
19722,0.99230534
19723,0.53731734
19724,0.96099085
19725,0.7277259
19726,0.9939494
19727,0.021368807
19728,0.9760433
19729,0.69509166
19730,0.77103215
19731,0.949039
19732,0.6270789
19733,0.99739885
19734,0.93228114
19735,0.28847453
19736,0.99374396
19737,0.73195654
19738,0.9944936
19739,0.99307173
19740,0.9709377
19741,0.74655885
19742,0.63967496
19743,0.5536265
19744,0.976031
19745,0.82325226
19746,0.9962914
19747,0.631286
19748,0.9854812
19749,0.94089913
19750,0.9806177
19751,0.578101
19752,0.9116956
19753,0.7362208
19754,0.99439937
19755,0.995983
19756,0.7743129
19757,0.83925027
19758,0.27207378
19759,0.5683881
19760,0.45251885
19761,0.8710636
19762,0.86628765
19763,0.9874259
19764,0.9838667
19765,0.9669311
19766,0.7906645
19767,0.8771936
19768,0.949599
19769,0.9731107
19770,0.7633644
19771,0.7726859
19772,0.8186808
19773,0.77539
19774,0.9054779
19775,0.4255989
19776,0.85253936
19777,0.5700511
19778,0.8502713
19779,0.51433694
19780,0.9880937
19781,0.94193643
19782,0.75667816
19783,0.9147187
19784,0.9965114
19785,0.8562579
19786,0.6702914
19787,0.3008801
19788,0.5720066
19789,0.8970906
19790,0.99729997
19791,0.6989719
19792,0.97870517
19793,0.8683332
19794,0.9508072
19795,0.97931445
19796,0.87535435
19797,0.98994035
19798,0.8989533
19799,0.88547426
19800,0.60331774
19801,0.73804843
19802,0.99306446
19803,0.86493
19804,0.97659
19805,0.2532973
19806,0.9098128
19807,0.21406321
19808,0.9391213
19809,0.218443
19810,0.95977354
19811,0.96993625
19812,0.7346589
19813,0.9849032
19814,0.9985599
19815,0.9413032
19816,0.6549867
19817,0.96375
19818,0.99777704
19819,0.9826204
19820,0.972148
19821,0.40795246
19822,0.9556249
19823,0.5274113
19824,0.8026904
19825,0.88698584
19826,0.823947
19827,0.9949386
19828,0.91168034
19829,0.97888374
19830,0.8617814
19831,0.9972543
19832,0.9265576
19833,0.3973053
19834,0.97594506
19835,0.99733436
19836,0.7366635
19837,0.88831234
19838,0.98991865
19839,0.99534684
19840,0.95454746
19841,0.92957217
19842,0.6502439
19843,0.964907
19844,0.92158806
19845,0.9964425
19846,0.65158415
19847,0.9932476
19848,0.6799602
19849,0.7431992
19850,0.8071941
19851,0.50676215
19852,0.99690944
19853,0.83928347
19854,0.9591033
19855,0.2570248
19856,0.7316513
19857,0.61632806
19858,0.81632
19859,0.8657195
19860,0.761221
19861,0.9070399
19862,0.9901689
19863,0.71081245
19864,0.8922892
19865,0.39011085
19866,0.1665035
19867,0.992863
19868,0.72424704
19869,0.45420262
19870,0.9211656
19871,0.9845441
19872,0.14639802
19873,0.52010703
19874,0.9528926
19875,0.9704103
19876,0.8650445
19877,0.98872477
19878,0.31035298
19879,0.44663587
19880,0.99966776
19881,0.98673415
19882,0.5580029
19883,0.9326351
19884,0.98913145
19885,0.7463022
19886,0.358029
19887,0.7917274
19888,0.9494933
19889,0.8965736
19890,0.40669128
19891,0.9163158
19892,0.9954196
19893,0.96721286
19894,0.98567384
19895,0.9539419
19896,0.48891786
19897,0.07727025
19898,0.94352305
19899,0.9675399
19900,0.8884433
19901,0.67037565
19902,0.3182853
19903,0.9935436
19904,0.9835148
19905,0.17347308
19906,0.916659
19907,0.9768763
19908,0.99426806
19909,0.9976827
19910,0.9958585
19911,0.38514945
19912,0.80884916
19913,0.9447911
19914,0.21849613
19915,0.92712057
19916,0.739565
19917,0.96832263
19918,0.55886745
19919,0.82315
19920,0.9952076
19921,0.86688304
19922,0.8019812
19923,0.94489163
19924,0.87670565
19925,0.95047164
19926,0.85042226
19927,0.9881876
19928,0.77573
19929,0.8112474
19930,0.9951887
19931,0.94915026
19932,0.91289604
19933,0.6702406
19934,0.99405247
19935,0.9175153
19936,0.6609899
19937,0.9778577
19938,0.9719444
19939,0.89465743
19940,0.9874055
19941,0.99411196
19942,0.99744487
19943,0.7926156
19944,0.116326794
19945,0.99397624
19946,0.663049
19947,0.44728485
19948,0.50634855
19949,0.8299677
19950,0.9009312
19951,0.8585074
19952,0.6150882
19953,0.7768634
19954,0.48857382
19955,0.8586514
19956,0.59383595
19957,0.9029288
19958,0.8903484
19959,0.9988469
19960,0.61463064
19961,0.83319575
19962,0.60451704
19963,0.81107134
19964,0.98527527
19965,0.74031234
19966,0.9085154
19967,0.9780677
19968,0.97366726
19969,0.9971706
19970,0.99125767
19971,0.98877853
19972,0.93797994
19973,0.7206046
19974,0.51419413
19975,0.9975235
19976,0.852672
19977,0.9324241
19978,0.9941565
19979,0.7927398
19980,0.97550803
19981,0.98905504
19982,0.98501426
19983,0.69636965
19984,0.98402077
19985,0.50798535
19986,0.8532352
19987,0.9852829
19988,0.7575812
19989,0.41696033
19990,0.9582811
19991,0.8338339
19992,0.7356301
19993,0.5440591
19994,0.9926354
19995,0.8409507
19996,0.79697573
19997,0.9885943
19998,0.98807156
19999,0.47017202
20000,0.34645122
20001,0.78080106
20002,0.9829965
20003,0.78747076
20004,0.9525008
20005,0.98349404
20006,0.7148728
20007,0.56202376
20008,0.6839554
20009,0.8774945
20010,0.7645639
20011,0.9321562
20012,0.46198472
20013,0.9862459
20014,0.94054985
20015,0.95802844
20016,0.94041383
20017,0.8859901
20018,0.9159128
20019,0.37827167
20020,0.98769486
20021,0.9259138
20022,0.15705454
20023,0.99219346
20024,0.9286866
20025,0.49760848
20026,0.8822557
20027,0.9961158
20028,0.97347045
20029,0.9952258
20030,0.95192224
20031,0.9510565
20032,0.99705964
20033,0.99468035
20034,0.9076583
20035,0.72140723
20036,0.92545336
20037,0.9995092
20038,0.9945707
20039,0.9934081
20040,0.8680907
20041,0.97965646
20042,0.9380285
20043,0.40932003
20044,0.9857641
20045,0.99538875
20046,0.9573162
20047,0.8949416
20048,0.96183354
20049,0.96596366
20050,0.98625344
20051,0.8517305
20052,0.8380877
20053,0.63942784
20054,0.9961493
20055,0.9869158
20056,0.98522514
20057,0.78185046
20058,0.37078103
20059,0.99779105
20060,0.95857483
20061,0.91205436
20062,0.7924014
20063,0.8777926
20064,0.88964003
20065,0.8715852
20066,0.10539594
20067,0.10388194
20068,0.010915602
20069,0.9964378
20070,0.96552926
20071,0.9070762
20072,0.34009263
20073,0.97213364
20074,0.9398311
20075,0.96764517
20076,0.81304026
20077,0.01968876
20078,0.9931786
20079,0.8602291
20080,0.9800363
20081,0.88290876
20082,0.997717
20083,0.6927524
20084,0.8828566
20085,0.96466964
20086,0.9937722
20087,0.9946024
20088,0.7790637
20089,0.3671208
20090,0.6227756
20091,0.9965405
20092,0.5648027
20093,0.85335755
20094,0.94113415
20095,0.95580757
20096,0.9511932
20097,0.9901799
20098,0.15073276
20099,0.9836909
20100,0.18776137
20101,0.9925937
20102,0.8080817
20103,0.8118547
20104,0.8649888
20105,0.8623671
20106,0.52776575
20107,0.99346316
20108,0.8379275
20109,0.90568525
20110,0.98292494
20111,0.9594192
20112,0.99516946
20113,0.42058912
20114,0.9923929
20115,0.90015584
20116,0.9823737
20117,0.9693317
20118,0.99076426
20119,0.59887207
20120,0.90370584
20121,0.9815105
20122,0.6944135
20123,0.72448224
20124,0.6210926
20125,0.85364527
20126,0.99449486
20127,0.966304
20128,0.19675286
20129,0.98075634
20130,0.9910027
20131,0.85161406
20132,0.3567355
20133,0.9979316
20134,0.87444603
20135,0.97986346
20136,0.5531904
20137,0.7645521
20138,0.44922882
20139,0.9972717
20140,0.8528892
20141,0.4659849
20142,0.9970304
20143,0.83359367
20144,0.20644553
20145,0.79274935
20146,0.65236145
20147,0.9235993
20148,0.9645841
20149,0.56901324
20150,0.8787875
20151,0.98484325
20152,0.96918106
20153,0.8828361
20154,0.6492159
20155,0.98524714
20156,0.80719596
20157,0.96754795
20158,0.99429566
20159,0.706406
20160,0.98632115
20161,0.9176363
20162,0.9839278
20163,0.93426704
20164,0.8942198
20165,0.9883409
20166,0.94574887
20167,0.5382123
20168,0.9582061
20169,0.99925274
20170,0.99063945
20171,0.9571315
20172,0.34709474
20173,0.50489956
20174,0.9448051
20175,0.7899446
20176,0.9908991
20177,0.77239716
20178,0.90669423
20179,0.9789448
20180,0.94452965
20181,0.987856
20182,0.341728
20183,0.9903736
20184,0.6808779
20185,0.81654376
20186,0.994266
20187,0.9850369
20188,0.89604074
20189,0.9018333
20190,0.17825422
20191,0.74825954
20192,0.9513657
20193,0.018536365
20194,0.8314631
20195,0.7862839
20196,0.6485899
20197,0.7900078
20198,0.66060406
20199,0.9619806
20200,0.9709183
20201,0.8725092
20202,0.011819178
20203,0.13060954
20204,0.9954886
20205,0.8109721
20206,0.88655996
20207,0.9463617
20208,0.93404984
20209,0.44510084
20210,0.49378046
20211,0.98197687
20212,0.8620147
20213,0.9498173
20214,0.62500376
20215,0.98561096
20216,0.9887332
20217,0.9828336
20218,0.99406284
20219,0.96795624
20220,0.25196764
20221,0.99028367
20222,0.75797296
20223,0.50718397
20224,0.98231816
20225,0.982811
20226,0.463264
20227,0.94608915
20228,0.51641893
20229,0.85591394
20230,0.6083682
20231,0.37535307
20232,0.6485966
20233,0.93537545
20234,0.91534203
20235,0.5000525
20236,0.8702625
20237,0.9546626
20238,0.9708001
20239,0.69063455
20240,0.06149495
20241,0.9767303
20242,0.7614165
20243,0.30062696
20244,0.99447
20245,0.8458586
20246,0.9956124
20247,0.80199856
20248,0.98903775
20249,0.67627496
20250,0.9928208
20251,0.74992794
20252,0.9498627
20253,0.9645456
20254,0.6152984
20255,0.9363957
20256,0.9842249
20257,0.94275993
20258,0.8630804
20259,0.6586512
20260,0.977265
20261,0.9872705
20262,0.62565523
20263,0.78294
20264,0.84799576
20265,0.9789317
20266,0.84428847
20267,0.99271727
20268,0.99691147
20269,0.9889826
20270,0.84247196
20271,0.61406964
20272,0.7521231
20273,0.7587453
20274,0.93179405
20275,0.83004594
20276,0.8266613
20277,0.34036446
20278,0.52083415
20279,0.9059143
20280,0.87868243
20281,0.9912232
20282,0.97977614
20283,0.6220133
20284,0.99366635
20285,0.98334783
20286,0.98723865
20287,0.85468376
20288,0.9297667
20289,0.85216236
20290,0.80807525
20291,0.9683272
20292,0.9788069
20293,0.7884922
20294,0.63544977
20295,0.5031894
20296,0.9429934
20297,0.9533236
20298,0.88610333
20299,0.5113234
20300,0.95039845
20301,0.9156495
20302,0.98519796
20303,0.9666852
20304,0.37695754
20305,0.47060424
20306,0.47090852
20307,0.9927793
20308,0.997959
20309,0.54268473
20310,0.66247666
20311,0.90480304
20312,0.959706
20313,0.99157625
20314,0.9896437
20315,0.9723035
20316,0.8784262
20317,0.8663112
20318,0.7308732
20319,0.35103157
20320,0.7758352
20321,0.9909689
20322,0.25930223
20323,0.81927526
20324,0.6885317
20325,0.8089146
20326,0.6954546
20327,0.9620432
20328,0.98699284
20329,0.84320635
20330,0.9806793
20331,0.8610805
20332,0.9742775
20333,0.9951668
20334,0.9839203
20335,0.009044429
20336,0.83011365
20337,0.99505603
20338,0.89121807
20339,0.9812021
20340,0.61840653
20341,0.65395725
20342,0.9506414
20343,0.99889404
20344,0.89372504
20345,0.99405295
20346,0.9877445
20347,0.5960591
20348,0.9130239
20349,0.44479588
20350,0.98553836
20351,0.9979499
20352,0.9972812
20353,0.96297234
20354,0.27749115
20355,0.73721355
20356,0.035774022
20357,0.008861671
20358,0.7007568
20359,0.76408947
20360,0.9681884
20361,0.994825
20362,0.7782079
20363,0.5321042
20364,0.41381672
20365,0.9723192
20366,0.99475044
20367,0.93290085
20368,0.99745387
20369,0.7020535
20370,0.9163425
20371,0.6351559
20372,0.9761523
20373,0.6568183
20374,0.83467317
20375,0.43706948
20376,0.97876894
20377,0.9788866
20378,0.9139024
20379,0.6222141
20380,0.6741493
20381,0.9203106
20382,0.96968085
20383,0.84495306
20384,0.7497329
20385,0.9895762
20386,0.95514536
20387,0.9812602
20388,0.99176204
20389,0.40911153
20390,0.043403488
20391,0.98728496
20392,0.81659216
20393,0.8664782
20394,0.9895788
20395,0.9138602
20396,0.65734816
20397,0.89658874
20398,0.9110085
20399,0.6327293
20400,0.8881553
20401,0.97703105
20402,0.97035486
20403,0.6395315
20404,0.6801659
20405,0.8126677
20406,0.29069835
20407,0.6873053
20408,0.90941966
20409,0.9969234
20410,0.98316735
20411,0.99751294
20412,0.9959513
20413,0.9808209
20414,0.7824752
20415,0.98015416
20416,0.92585546
20417,0.9904889
20418,0.72517806
20419,0.9710517
20420,0.44478643
20421,0.7720623
20422,0.86054623
20423,0.9912661
20424,0.9834025
20425,0.987123
20426,0.9211
20427,0.75519735
20428,0.485313
20429,0.88093144
20430,0.8742564
20431,0.90981823
20432,0.40104702
20433,0.23019587
20434,0.99341524
20435,0.82782286
20436,0.8728014
20437,0.8584125
20438,0.3564341
20439,0.47721732
20440,0.9635256
20441,0.034448385
20442,0.8512574
20443,0.53713006
20444,0.99390537
20445,0.8662512
20446,0.97221076
20447,0.9786668
20448,0.8214053
20449,0.803021
20450,0.97343993
20451,0.834218
20452,0.5227409
20453,0.9104062
20454,0.9580952
20455,0.54967576
20456,0.6197513
20457,0.60427976
20458,0.97952396
20459,0.08452568
20460,0.96323705
20461,0.8357526
20462,0.8387516
20463,0.8692882
20464,0.8878275
20465,0.667896
20466,0.5729395
20467,0.9119402
20468,0.8168402
20469,0.9905104
20470,0.75524133
20471,0.9963349
20472,0.8511763
20473,0.9979773
20474,0.72470903
20475,0.5678471
20476,0.83395547
20477,0.99180335
20478,0.39179388
20479,0.9863245
20480,0.8715345
20481,0.9906183
20482,0.6030001
20483,0.63185567
20484,0.95213366
20485,0.9954856
20486,0.0052561685
20487,0.9579315
20488,0.9946163
20489,0.5949677
20490,0.9840059
20491,0.9446614
20492,0.9554055
20493,0.78776693
20494,0.23420009
20495,0.6870698
20496,0.9614078
20497,0.2831139
20498,0.85700935
20499,0.7601949
20500,0.99624974
20501,0.9155135
20502,0.9722621
20503,0.9342352
20504,0.9975395
20505,0.9842406
20506,0.7143239
20507,0.25751585
20508,0.9878798
20509,0.87360346
20510,0.6794666
20511,0.9898397
20512,0.76588774
20513,0.9541094
20514,0.6519884
20515,0.9922692
20516,0.8637815
20517,0.97959524
20518,0.7079315
20519,0.48388344
20520,0.97055703
20521,0.98215425
20522,0.94324905
20523,0.64284235
20524,0.75424355
20525,0.17523158
20526,0.89167136
20527,0.7833835
20528,0.9935407
20529,0.9636266
20530,0.9539209
20531,0.94397485
20532,0.94934845
20533,0.994142
20534,0.99413836
20535,0.697062
20536,0.99159724
20537,0.6080963
20538,0.7486515
20539,0.6349127
20540,0.4568295
20541,0.7211386
20542,0.8577414
20543,0.7818416
20544,0.926015
20545,0.9534882
20546,0.7025343
20547,0.9876351
20548,0.990906
20549,0.7982562
20550,0.8889808
20551,0.99166673
20552,0.9957461
20553,0.71840876
20554,0.66394997
20555,0.9944348
20556,0.35095605
20557,0.91519153
20558,0.5206689
20559,0.8522769
20560,0.4726071
20561,0.75301147
20562,0.99796414
20563,0.48049778
20564,0.9986528
20565,0.98156583
20566,0.99405587
20567,0.9410256
20568,0.43483692
20569,0.95609117
20570,0.40141875
20571,0.3344519
20572,0.9845776
20573,0.9589352
20574,0.9546526
20575,0.98774105
20576,0.9759143
20577,0.5956571
20578,0.9894712
20579,0.7768323
20580,0.9237309
20581,0.86031544
20582,0.75323737
20583,0.9218289
20584,0.09171067
20585,0.9170485
20586,0.9960322
20587,0.7746899
20588,0.9523425
20589,0.65552086
20590,0.97888756
20591,0.9848573
20592,0.9593625
20593,0.34191856
20594,0.99763393
20595,0.9936434
20596,0.93968844
20597,0.9909293
20598,0.8992852
20599,0.9621388
20600,0.9955948
20601,0.9922535
20602,0.9549179
20603,0.98322564
20604,0.55236405
20605,0.34463772
20606,0.6873682
20607,0.4199894
20608,0.790647
20609,0.9978922
20610,0.9127828
20611,0.9884941
20612,0.79990447
20613,0.99319434
20614,0.99809796
20615,0.741799
20616,0.9930454
20617,0.63798946
20618,0.9979944
20619,0.8451095
20620,0.2594693
20621,0.9711604
20622,0.9257479
20623,0.9809023
20624,0.6624742
20625,0.9559655
20626,0.9505477
20627,0.68722886
20628,0.6990296
20629,0.9438663
20630,0.5869294
20631,0.9169545
20632,0.3764458
20633,0.9692506
20634,0.94492656
20635,0.7210651
20636,0.5719369
20637,0.9323114
20638,0.34500474
20639,0.45776272
20640,0.99641067
20641,0.9543826
20642,0.7959428
20643,0.8030958
20644,0.79523456
20645,0.7029626
20646,0.6093539
20647,0.7438346
20648,0.90970457
20649,0.99809366
20650,0.9025071
20651,0.99667966
20652,0.95697224
20653,0.8384465
20654,0.99559563
20655,0.87465066
20656,0.69529605
20657,0.995359
20658,0.888904
20659,0.6610321
20660,0.91900986
20661,0.66771144
20662,0.75039047
20663,0.7370916
20664,0.31537643
20665,0.9482072
20666,0.6930531
20667,0.8984664
20668,0.7300174
20669,0.67569286
20670,0.9939725
20671,0.38072532
20672,0.9380944
20673,0.7780776
20674,0.69125265
20675,0.7816376
20676,0.9845745
20677,0.9601719
20678,0.79091734
20679,0.9923137
20680,0.64883834
20681,0.93814987
20682,0.5275319
20683,0.6370056
20684,0.662461
20685,0.91764164
20686,0.89622223
20687,0.6712161
20688,0.97454107
20689,0.6555453
20690,0.9236984
20691,0.9973794
20692,0.9956748
20693,0.010764746
20694,0.7852309
20695,0.9787936
20696,0.9452331
20697,0.9899317
20698,0.9111097
20699,0.40410215
20700,0.9717795
20701,0.9819074
20702,0.94555366
20703,0.966886
20704,0.97859293
20705,0.8717449
20706,0.86409503
20707,0.89468867
20708,0.5042065
20709,0.994159
20710,0.9940995
20711,0.9953289
20712,0.9009503
20713,0.9547238
20714,0.9873584
20715,0.8384964
20716,0.6492591
20717,0.80504745
20718,0.9689097
20719,0.90000343
20720,0.78470385
20721,0.9485592
20722,0.9955994
20723,0.9974704
20724,0.95354444
20725,0.79658264
20726,0.9434417
20727,0.20573956
20728,0.99695885
20729,0.85742
20730,0.7955858
20731,0.9099675
20732,0.7623707
20733,0.9364798
20734,0.95286757
20735,0.57661843
20736,0.9972083
20737,0.9153008
20738,0.774476
20739,0.99449533
20740,0.98933804
20741,0.99715143
20742,0.9682469
20743,0.9907799
20744,0.20633246
20745,0.9929432
20746,0.9191459
20747,0.98612857
20748,0.70942
20749,0.5122883
20750,0.9920083
20751,0.9342735
20752,0.96595085
20753,0.89976364
20754,0.9970475
20755,0.8415957
20756,0.9909051
20757,0.69419
20758,0.71307665
20759,0.8851675
20760,0.9641622
20761,0.849532
20762,0.9672815
20763,0.8092303
20764,0.35549268
20765,0.67386293
20766,0.9126999
20767,0.5119086
20768,0.91491336
20769,0.94956636
20770,0.9456738
20771,0.72007257
20772,0.9814058
20773,0.7678781
20774,0.49677515
20775,0.99765515
20776,0.7836064
20777,0.9850949
20778,0.889102
20779,0.99833786
20780,0.6684448
20781,0.3960566
20782,0.7414735
20783,0.49336767
20784,0.9564539
20785,0.98842525
20786,0.85690856
20787,0.3441635
20788,0.9244047
20789,0.97353923
20790,0.9838696
20791,0.7979716
20792,0.93677264
20793,0.97781914
20794,0.9283641
20795,0.924561
20796,0.96358633
20797,0.47482452
20798,0.92127866
20799,0.7162409
20800,0.5256527
20801,0.9912214
20802,0.83653563
20803,0.44945422
20804,0.7956694
20805,0.9951964
20806,0.96467954
20807,0.6978522
20808,0.91185486
20809,0.89907056
20810,0.87423444
20811,0.95875823
20812,0.44697186
20813,0.65908426
20814,0.9959078
20815,0.60678506
20816,0.9904739
20817,0.9397088
20818,0.6496386
20819,0.93094337
20820,0.74826515
20821,0.6278922
20822,0.9694855
20823,0.9846319
20824,0.8547001
20825,0.86204094
20826,0.98810834
20827,0.76501364
20828,0.8212391
20829,0.9928848
20830,0.9846848
20831,0.48913154
20832,0.8172519
20833,0.869014
20834,0.50011617
20835,0.9735029
20836,0.9364239
20837,0.6230791
20838,0.9230226
20839,0.41416153
20840,0.5944059
20841,0.9053214
20842,0.64903617
20843,0.7890133
20844,0.94710475
20845,0.5337247
20846,0.9969223
20847,0.99733967
20848,0.8265802
20849,0.5715925
20850,0.9763623
20851,0.97042847
20852,0.68397874
20853,0.85582626
20854,0.9685231
20855,0.8704532
20856,0.76413643
20857,0.89731026
20858,0.98952454
20859,0.9950334
20860,0.995141
20861,0.8767843
20862,0.99449086
20863,0.9851633
20864,0.97705203
20865,0.9982943
20866,0.9663181
20867,0.89103633
20868,0.9936708
20869,0.017812539
20870,0.62175864
20871,0.5911316
20872,0.7651043
20873,0.7995031
20874,0.6497302
20875,0.72871137
20876,0.6217998
20877,0.9702134
20878,0.5835456
20879,0.9189919
20880,0.56491727
20881,0.8446305
20882,0.6593368
20883,0.99786204
20884,0.9835406
20885,0.82944185
20886,0.8913474
20887,0.92075545
20888,0.82331693
20889,0.9931155
20890,0.99071527
20891,0.40317538
20892,0.9765039
20893,0.99430346
20894,0.7247913
20895,0.89557403
20896,0.9654989
20897,0.4947297
20898,0.55557877
20899,0.9820587
20900,0.3324121
20901,0.3876612
20902,0.8574751
20903,0.77526474
20904,0.9368751
20905,0.5383952
20906,0.8726982
20907,0.9464546
20908,0.70365226
20909,0.69721174
20910,0.71193725
20911,0.99414825
20912,0.49532112
20913,0.21000753
20914,0.99533254
20915,0.56921136
20916,0.7046199
20917,0.40541527
20918,0.81416
20919,0.7617942
20920,0.99284315
20921,0.99736184
20922,0.98606515
20923,0.99462456
20924,0.7659242
20925,0.70118994
20926,0.8259844
20927,0.8495289
20928,0.17028269
20929,0.7429605
20930,0.87120885
20931,0.99617094
20932,0.21799636
20933,0.55993456
20934,0.99696356
20935,0.981751
20936,0.7705441
20937,0.7742531
20938,0.9931694
20939,0.06594136
20940,0.42443776
20941,0.72179574
20942,0.98787117
20943,0.9648618
20944,0.92428434
20945,0.84269243
20946,0.64732975
20947,0.6441126
20948,0.89045966
20949,0.006195456
20950,0.6125934
20951,0.76816356
20952,0.92902935
20953,0.9277541
20954,0.9972722
20955,0.8168773
20956,0.9594129
20957,0.7134997
20958,0.73328847
20959,0.985098
20960,0.34756017
20961,0.9918242
20962,0.79330224
20963,0.84037805
20964,0.8000853
20965,0.9226238
20966,0.991975
20967,0.9886669
20968,0.1923823
20969,0.9902372
20970,0.9832103
20971,0.7820959
20972,0.9980903
20973,0.72778356
20974,0.99678683
20975,0.86219853
20976,0.9737879
20977,0.8424031
20978,0.9905657
20979,0.946195
20980,0.92228955
20981,0.97680515
20982,0.83532476
20983,0.7388166
20984,0.8241595
20985,0.9132902
20986,0.36445448
20987,0.7209241
20988,0.9980211
20989,0.76323867
20990,0.8691401
20991,0.92668116
20992,0.64048946
20993,0.8119854
20994,0.9911333
20995,0.79516304
20996,0.9774774
20997,0.83732814
20998,0.61550146
20999,0.9635098
21000,0.9915714
21001,0.99641824
21002,0.6264763
21003,0.74385726
21004,0.9880484
21005,0.9796398
21006,0.9951379
21007,0.9659516
21008,0.75855863
21009,0.7844975
21010,0.9101675
21011,0.99809676
21012,0.06749
21013,0.5465226
21014,0.8162505
21015,0.98953104
21016,0.6003995
21017,0.6265243
21018,0.75964427
21019,0.6827821
21020,0.9111981
21021,0.9945281
21022,0.9241042
21023,0.69761634
21024,0.8352862
21025,0.28226504
21026,0.84320587
21027,0.9528016
21028,0.99580896
21029,0.8491596
21030,0.5051825
21031,0.5933082
21032,0.99860626
21033,0.9886805
21034,0.7803648
21035,0.8963703
21036,0.99179876
21037,0.9956475
21038,0.89229906
21039,0.7684524
21040,0.85846555
21041,0.5051345
21042,0.47110295
21043,0.3065281
21044,0.67635155
21045,0.92138016
21046,0.97316587
21047,0.4517668
21048,0.9782193
21049,0.9440338
21050,0.9950818
21051,0.99710494
21052,0.9880961
21053,0.69931126
21054,0.88689727
21055,0.9352177
21056,0.9510497
21057,0.9455761
21058,0.9873072
21059,0.73054385
21060,0.94252986
21061,0.99778396
21062,0.9589453
21063,0.8960221
21064,0.9973531
21065,0.089900374
21066,0.004740259
21067,0.8434269
21068,0.68176186
21069,0.8131539
21070,0.5521508
21071,0.993822
21072,0.8346163
21073,0.9168066
21074,0.0053398865
21075,0.8745893
21076,0.9976356
21077,0.981955
21078,0.32132205
21079,0.9076986
21080,0.87987196
21081,0.73237544
21082,0.9623251
21083,0.41383362
21084,0.6735075
21085,0.98903406
21086,0.82816195
21087,0.6024914
21088,0.9917174
21089,0.99741274
21090,0.98938924
21091,0.984929
21092,0.898956
21093,0.99827206
21094,0.45510143
21095,0.7341825
21096,0.99660254
21097,0.73195654
21098,0.6856351
21099,0.90437186
21100,0.7201885
21101,0.4319836
21102,0.9152109
21103,0.9879483
21104,0.90806794
21105,0.9931443
21106,0.9049214
21107,0.9590239
21108,0.8520107
21109,0.45684928
21110,0.95393676
21111,0.9897857
21112,0.99507165
21113,0.8731351
21114,0.8404659
21115,0.8724858
21116,0.9906024
21117,0.17825027
21118,0.9355359
21119,0.9671157
21120,0.99406767
21121,0.9689498
21122,0.6597802
21123,0.9798908
21124,0.996363
21125,0.9926791
21126,0.6618395
21127,0.9782397
21128,0.8762748
21129,0.767885
21130,0.9370744
21131,0.31998494
21132,0.4392685
21133,0.97622174
21134,0.48420155
21135,0.9764316
21136,0.9989887
21137,0.944378
21138,0.85440934
21139,0.76079047
21140,0.9931078
21141,0.70839244
21142,0.2737264
21143,0.86220074
21144,0.9165851
21145,0.96920073
21146,0.9807782
21147,0.9968425
21148,0.6707743
21149,0.94711673
21150,0.86001855
21151,0.74046063
21152,0.97335804
21153,0.7752421
21154,0.9766955
21155,0.35332742
21156,0.86226535
21157,0.26156268
21158,0.97537553
21159,0.73776424
21160,0.46978375
21161,0.94055396
21162,0.9782662
21163,0.8289514
21164,0.99673706
21165,0.97699136
21166,0.7849971
21167,0.83742046
21168,0.99048305
21169,0.9698345
21170,0.7711648
21171,0.4555463
21172,0.39787048
21173,0.992246
21174,0.71239686
21175,0.99349964
21176,0.9393678
21177,0.83452994
21178,0.83096826
21179,0.6992377
21180,0.95317227
21181,0.8263696
21182,0.9942281
21183,0.82916224
21184,0.9727418
21185,0.96323395
21186,0.7519236
21187,0.95455986
21188,0.9709476
21189,0.99928015
21190,0.5982843
21191,0.9653301
21192,0.9993717
21193,0.73313034
21194,0.5797168
21195,0.5943209
21196,0.90450615
21197,0.9868253
21198,0.9536203
21199,0.79953146
21200,0.3847227
21201,0.75819767
21202,0.9052887
21203,0.94683653
21204,0.61118877
21205,0.7985538
21206,0.7939997
21207,0.97286373
21208,0.86073697
21209,0.9179042
21210,0.254527
21211,0.3364257
21212,0.03837752
21213,0.76425123
21214,0.9206928
21215,0.6644273
21216,0.8405686
21217,0.7551331
21218,0.73148125
21219,0.9984669
21220,0.98105097
21221,0.83163124
21222,0.8166845
21223,0.9887222
21224,0.9979923
21225,0.9930233
21226,0.99319506
21227,0.95229936
21228,0.70181566
21229,0.7867861
21230,0.35142314
21231,0.37132508
21232,0.9764407
21233,0.99544805
21234,0.53726244
21235,0.8982888
21236,0.7838496
21237,0.115071684
21238,0.29773614
21239,0.79539675
21240,0.91779613
21241,0.8718502
21242,0.9961803
21243,0.7099509
21244,0.9963754
21245,0.8260711
21246,0.53272736
21247,0.2291006
21248,0.9704606
21249,0.97402716
21250,0.882453
21251,0.9868671
21252,0.9578816
21253,0.8849236
21254,0.25566074
21255,0.983916
21256,0.97742915
21257,0.67209595
21258,0.9592676
21259,0.7844308
21260,0.83774143
21261,0.9833556
21262,0.92104095
21263,0.5998447
21264,0.9014006
21265,0.16016772
21266,0.9700144
21267,0.8736651
21268,0.9769564
21269,0.7587494
21270,0.89217174
21271,0.44612396
21272,0.7795398
21273,0.8566159
21274,0.92688465
21275,0.9616916
21276,0.8480566
21277,0.8623379
21278,0.95391494
21279,0.9707455
21280,0.64747536
21281,0.62776035
21282,0.29013982
21283,0.9967063
21284,0.98627895
21285,0.75749797
21286,0.9729049
21287,0.99100727
21288,0.9963542
21289,0.39177266
21290,0.41821456
21291,0.99379104
21292,0.9824274
21293,0.86211807
21294,0.9943447
21295,0.48847064
21296,0.9936254
21297,0.1163804
21298,0.6939479
21299,0.9954431
21300,0.7458414
21301,0.99227
21302,0.9813695
21303,0.99738663
21304,0.99872595
21305,0.98553306
21306,0.6802257
21307,0.72578245
21308,0.99670523
21309,0.98933303
21310,0.9855962
21311,0.70630383
21312,0.97773224
21313,0.38890278
21314,0.5757944
21315,0.5294121
21316,0.9898056
21317,0.6482995
21318,0.8130211
21319,0.80026305
21320,0.60114014
21321,0.9948944
21322,0.8796207
21323,0.9905308
21324,0.7738712
21325,0.9977709
21326,0.7025613
21327,0.93873215
21328,0.9851474
21329,0.9929878
21330,0.99370074
21331,0.74325794
21332,0.013387432
21333,0.99599236
21334,0.99800915
21335,0.9748419
21336,0.9382546
21337,0.3410215
21338,0.83077073
21339,0.9586674
21340,0.9954116
21341,0.9357466
21342,0.8225638
21343,0.84700036
21344,0.9103293
21345,0.97290266
21346,0.9894253
21347,0.90058666
21348,0.97193074
21349,0.9796299
21350,0.7596685
21351,0.9920604
21352,0.9495928
21353,0.990112
21354,0.97743773
21355,0.30828413
21356,0.9928772
21357,0.7975567
21358,0.9718165
21359,0.7421268
21360,0.6143034
21361,0.9778457
21362,0.769244
21363,0.16365358
21364,0.96051335
21365,0.45819938
21366,0.97982305
21367,0.5225528
21368,0.432417
21369,0.6157468
21370,0.9023544
21371,0.99346536
21372,0.88804704
21373,0.91058075
21374,0.7765701
21375,0.98762137
21376,0.8329796
21377,0.3174585
21378,0.99916005
21379,0.737672
21380,0.37977394
21381,0.97405493
21382,0.8102418
21383,0.80903864
21384,0.68436563
21385,0.5833386
21386,0.6349717
21387,0.9625921
21388,0.978286
21389,0.99461114
21390,0.94644135
21391,0.9749953
21392,0.404968
21393,0.86291546
21394,0.87517667
21395,0.9914424
21396,0.9938834
21397,0.8129401
21398,0.949668
21399,0.4699833
21400,0.3919588
21401,0.8571026
21402,0.9855172
21403,0.8657925
21404,0.6762687
21405,0.9629889
21406,0.61653006
21407,0.35506192
21408,0.9969452
21409,0.99636465
21410,0.5487702
21411,0.60678667
21412,0.5970627
21413,0.99709046
21414,0.74248683
21415,0.76797825
21416,0.7565219
21417,0.8998841
21418,0.99184275
21419,0.99506396
21420,0.8726676
21421,0.99055403
21422,0.9951626
21423,0.8354977
21424,0.7836724
21425,0.5433019
21426,0.9979539
21427,0.8209336
21428,0.97947985
21429,0.6425647
21430,0.29430073
21431,0.8293053
21432,0.24777374
21433,0.9936566
21434,0.99872226
21435,0.991458
21436,0.8882526
21437,0.9272512
21438,0.71410024
21439,0.9099068
21440,0.9463631
21441,0.7058678
21442,0.99648774
21443,0.92668843
21444,0.84903115
21445,0.8622271
21446,0.6721668
21447,0.54469895
21448,0.8473864
21449,0.90206885
21450,0.8176409
21451,0.3901074
21452,0.95200866
21453,0.7444596
21454,0.6693747
21455,0.94993454
21456,0.8480495
21457,0.9951024
21458,0.84270173
21459,0.88494205
21460,0.7228292
21461,0.9276636
21462,0.97219276
21463,0.75780404
21464,0.9393468
21465,0.95259166
21466,0.99040866
21467,0.8906788
21468,0.50862956
21469,0.9865884
21470,0.769506
21471,0.98885477
21472,0.9829595
21473,0.8614094
21474,0.5515133
21475,0.9816081
21476,0.9279129
21477,0.97237444
21478,0.86283004
21479,0.760042
21480,0.97925216
21481,0.6901874
21482,0.69099253
21483,0.8788197
21484,0.86057335
21485,0.99391264
21486,0.9874626
21487,0.9938308
21488,0.7372656
21489,0.69121724
21490,0.5980033
21491,0.5695341
21492,0.98677117
21493,0.6954273
21494,0.99893147
21495,0.9938599
21496,0.6404577
21497,0.7789246
21498,0.982024
21499,0.016209934
21500,0.76667476
21501,0.77106965
21502,0.9238753
21503,0.9977106
21504,0.98473895
21505,0.80873394
21506,0.99967086
21507,0.99731135
21508,0.99486226
21509,0.9881962
21510,0.97387403
21511,0.82872653
21512,0.9940784
21513,0.9855759
21514,0.64415365
21515,0.53277254
21516,0.992535
21517,0.99670756
21518,0.92368245
21519,0.6861147
21520,0.99039006
21521,0.96834373
21522,0.7140247
21523,0.8699378
21524,0.9664718
21525,0.7539144
21526,0.44786182
21527,0.9464323
21528,0.6060547
21529,0.99662685
21530,0.9328962
21531,0.98966646
21532,0.89945114
21533,0.9954625
21534,0.9784685
21535,0.94343746
21536,0.37159586
21537,0.4220995
21538,0.807715
21539,0.98647076
21540,0.9529966
21541,0.9985178
21542,0.954107
21543,0.9225515
21544,0.87676823
21545,0.7396279
21546,0.9608553
21547,0.97883064
21548,0.3835212
21549,0.8206474
21550,0.98441017
21551,0.23331846
21552,0.9900664
21553,0.9975076
21554,0.98854464
21555,0.904565
21556,0.84961164
21557,0.89545995
21558,0.81526524
21559,0.7675435
21560,0.15378784
21561,0.99591225
21562,0.99615294
21563,0.9987992
21564,0.78454745
21565,0.7206064
21566,0.98341644
21567,0.6128553
21568,0.8195058
21569,0.8625976
21570,0.8753537
21571,0.8467365
21572,0.9964644
21573,0.99340206
21574,0.7368338
21575,0.9178793
21576,0.9661163
21577,0.015081338
21578,0.5125251
21579,0.72112745
21580,0.9388622
21581,0.9827802
21582,0.4809964
21583,0.99825007
21584,0.8321209
21585,0.59392494
21586,0.17461585
21587,0.9735233
21588,0.91674036
21589,0.31059623
21590,0.9779979
21591,0.84732467
21592,0.97123295
21593,0.9425863
21594,0.98791087
21595,0.6949113
21596,0.9552863
21597,0.8483572
21598,0.65757585
21599,0.92413205
21600,0.5854831
21601,0.7639926
21602,0.25222474
21603,0.99802256
21604,0.90275985
21605,0.99677676
21606,0.6987993
21607,0.77331406
21608,0.78601974
21609,0.8679019
21610,0.67783326
21611,0.8952244
21612,0.812995
21613,0.6957079
21614,0.99432206
21615,0.78876054
21616,0.019189078
21617,0.89695084
21618,0.9927892
21619,0.9919143
21620,0.48499694
21621,0.8934744
21622,0.92905927
21623,0.5816273
21624,0.98852277
21625,0.99372053
21626,0.92898464
21627,0.78176636
21628,0.82885
21629,0.9998036
21630,0.97885966
21631,0.820968
21632,0.93144184
21633,0.63721824
21634,0.7126098
21635,0.71402955
21636,0.85948604
21637,0.9921944
21638,0.768964
21639,0.97057784
21640,0.9910821
21641,0.9933096
21642,0.9465951
21643,0.99625516
21644,0.6762084
21645,0.8783431
21646,0.7960788
21647,0.9491338
21648,0.99147135
21649,0.99860954
21650,0.6896808
21651,0.9659009
21652,0.9964784
21653,0.6623344
21654,0.9819194
21655,0.98211503
21656,0.9937039
21657,0.91378605
21658,0.8670585
21659,0.1243095
21660,0.99217695
21661,0.98644584
21662,0.91339034
21663,0.9638346
21664,0.91014045
21665,0.9953992
21666,0.9381643
21667,0.70784414
21668,0.8871694
21669,0.97930944
21670,0.9950192
21671,0.98451495
21672,0.99706167
21673,0.9966028
21674,0.92518115
21675,0.87994397
21676,0.7188141
21677,0.98372805
21678,0.9857336
21679,0.99155945
21680,0.8976961
21681,0.8650538
21682,0.91844666
21683,0.99045676
21684,0.95018226
21685,0.95583886
21686,0.81852233
21687,0.555512
21688,0.9933617
21689,0.4076334
21690,0.9318982
21691,0.69775295
21692,0.9971438
21693,0.9326687
21694,0.92841077
21695,0.99192786
21696,0.5384875
21697,0.116346255
21698,0.6862231
21699,0.97882324
21700,0.9970789
21701,0.8067148
21702,0.99293077
21703,0.7863449
21704,0.8095809
21705,0.7319368
21706,0.98611337
21707,0.9767396
21708,0.96635336
21709,0.9171176
21710,0.79189736
21711,0.8494538
21712,0.9207903
21713,0.8794318
21714,0.99279684
21715,0.99931836
21716,0.909631
21717,0.7015789
21718,0.9382638
21719,0.9894378
21720,0.8352805
21721,0.8816342
21722,0.85937124
21723,0.19307247
21724,0.9414226
21725,0.6293555
21726,0.8242617
21727,0.9766847
21728,0.81386495
21729,0.99906653
21730,0.99196434
21731,0.96929693
21732,0.90103126
21733,0.35559735
21734,0.8050736
21735,0.93265295
21736,0.5299364
21737,0.35111612
21738,0.9965964
21739,0.022475218
21740,0.67304605
21741,0.9921923
21742,0.9294645
21743,0.5936292
21744,0.5709881
21745,0.58524203
21746,0.8265451
21747,0.9270901
21748,0.4181622
21749,0.8219859
21750,0.44106936
21751,0.8694585
21752,0.9465956
21753,0.9983588
21754,0.9982686
21755,0.8906498
21756,0.8022292
21757,0.99304986
21758,0.68771136
21759,0.9944858
21760,0.8645917
21761,0.49715507
21762,0.9992692
21763,0.7638796
21764,0.79897356
21765,0.99065304
21766,0.45716867
21767,0.4634162
21768,0.9313011
21769,0.9782315
21770,0.9694036
21771,0.9893819
21772,0.96865314
21773,0.88890755
21774,0.5737494
21775,0.22289792
21776,0.60266685
21777,0.98313016
21778,0.78384244
21779,0.9133744
21780,0.9768311
21781,0.9103782
21782,0.9710895
21783,0.78951585
21784,0.9900225
21785,0.9969633
21786,0.3086174
21787,0.7257046
21788,0.9782758
21789,0.8041723
21790,0.9461983
21791,0.77390516
21792,0.98420507
21793,0.9779408
21794,0.9097769
21795,0.99269354
21796,0.7630612
21797,0.66214484
21798,0.12962773
21799,0.83055556
21800,0.9598647
21801,0.5938376
21802,0.5236803
21803,0.99211323
21804,0.9515377
21805,0.9769936
21806,0.9396313
21807,0.9959734
21808,0.5306775
21809,0.54220444
21810,0.99920017
21811,0.9775677
21812,0.99796945
21813,0.7360055
21814,0.9881066
21815,0.7759908
21816,0.9735692
21817,0.7290543
21818,0.6237067
21819,0.94860804
21820,0.9909224
21821,0.971199
21822,0.9897821
21823,0.9769907
21824,0.7744406
21825,0.6180305
21826,0.8287539
21827,0.7220046
21828,0.78284717
21829,0.5944732
21830,0.8570032
21831,0.9662881
21832,0.32773468
21833,0.99733186
21834,0.7738878
21835,0.79177535
21836,0.98383766
21837,0.5502001
21838,0.6387646
21839,0.84372157
21840,0.9461192
21841,0.8023
21842,0.2642446
21843,0.96546894
21844,0.99686617
21845,0.9274504
21846,0.9899692
21847,0.9764506
21848,0.9127966
21849,0.8529816
21850,0.062044494
21851,0.98980635
21852,0.98136854
21853,0.61344105
21854,0.036214225
21855,0.9938684
21856,0.8852033
21857,0.9933768
21858,0.5810782
21859,0.92909694
21860,0.48687303
21861,0.99532276
21862,0.99063665
21863,0.9158504
21864,0.8987871
21865,0.945385
21866,0.8200662
21867,0.84533745
21868,0.98853266
21869,0.010465664
21870,0.43515012
21871,0.92206216
21872,0.90130347
21873,0.9337698
21874,0.7447816
21875,0.7384809
21876,0.97165626
21877,0.97875243
21878,0.9156758
21879,0.21243027
21880,0.94003075
21881,0.994616
21882,0.60313344
21883,0.9818526
21884,0.9733343
21885,0.9943863
21886,0.7416356
21887,0.22876716
21888,0.8829802
21889,0.924329
21890,0.9613205
21891,0.55349946
21892,0.992644
21893,0.9725239
21894,0.9362961
21895,0.9671148
21896,0.9653456
21897,0.860128
21898,0.9972247
21899,0.9828976
21900,0.8773408
21901,0.8760524
21902,0.9553281
21903,0.8503335
21904,0.76216125
21905,0.91394037
21906,0.9665196
21907,0.8996106
21908,0.9529808
21909,0.9917681
21910,0.95618486
21911,0.8081493
21912,0.43982205
21913,0.9931792
21914,0.76448226
21915,0.9442709
21916,0.99062485
21917,0.9698685
21918,0.35404226
21919,0.7736857
21920,0.023422599
21921,0.95767975
21922,0.8314837
21923,0.98255366
21924,0.9911464
21925,0.875953
21926,0.7966247
21927,0.9258075
21928,0.6011347
21929,0.97947055
21930,0.8363608
21931,0.46618056
21932,0.95863503
21933,0.9832197
21934,0.9516098
21935,0.8863163
21936,0.72697943
21937,0.35051244
21938,0.8702725
21939,0.707988
21940,0.8532811
21941,0.92718697
21942,0.6987703
21943,0.9844364
21944,0.99659866
21945,0.954981
21946,0.42607373
21947,0.5612391
21948,0.7638299
21949,0.94101083
21950,0.9879551
21951,0.95198673
21952,0.8820622
21953,0.917143
21954,0.5607671
21955,0.99151903
21956,0.9953532
21957,0.89061797
21958,0.99431026
21959,0.9701043
21960,0.43312153
21961,0.98749036
21962,0.99586356
21963,0.9274153
21964,0.99741745
21965,0.72038186
21966,0.9947365
21967,0.99508876
21968,0.89001155
21969,0.88256806
21970,0.9123144
21971,0.99941015
21972,0.6334942
21973,0.9916687
21974,0.92136884
21975,0.45460433
21976,0.986548
21977,0.9955988
21978,0.97642344
21979,0.78215176
21980,0.9908732
21981,0.8262392
21982,0.97942173
21983,0.36298838
21984,0.62134975
21985,0.8993076
21986,0.9928174
21987,0.48739913
21988,0.631794
21989,0.6674106
21990,0.8427482
21991,0.99494064
21992,0.9515352
21993,0.9974037
21994,0.6991017
21995,0.62156594
21996,0.5561713
21997,0.9700806
21998,0.9845354
21999,0.74000853
22000,0.58873695
22001,0.30717334
22002,0.6882494
22003,0.8182594
22004,0.88416755
22005,0.99346775
22006,0.6550014
22007,0.6443958
22008,0.97577876
22009,0.97547126
22010,0.8878445
22011,0.96939015
22012,0.87833315
22013,0.9953133
22014,0.56514543
22015,0.5902759
22016,0.38458782
22017,0.92385674
22018,0.7579357
22019,0.008608445
22020,0.77436775
22021,0.9892482
22022,0.8654208
22023,0.81815964
22024,0.22405662
22025,0.78556347
22026,0.5416348
22027,0.9675648
22028,0.7228505
22029,0.93526816
22030,0.9909051
22031,0.56254977
22032,0.9870068
22033,0.9981499
22034,0.99768484
22035,0.70745474
22036,0.4323382
22037,0.75706106
22038,0.9963548
22039,0.9968754
22040,0.6110892
22041,0.981171
22042,0.6760746
22043,0.6620592
22044,0.9988564
22045,0.98869205
22046,0.98962796
22047,0.9037512
22048,0.83747184
22049,0.49851465
22050,0.79687065
22051,0.9985008
22052,0.7672434
22053,0.7937156
22054,0.83851427
22055,0.7826836
22056,0.8924522
22057,0.93921643
22058,0.9980211
22059,0.993778
22060,0.21033338
22061,0.9948526
22062,0.98943114
22063,0.83722734
22064,0.37750965
22065,0.99610645
22066,0.97735745
22067,0.41003567
22068,0.79600173
22069,0.9980404
22070,0.4356437
22071,0.82039046
22072,0.8400592
22073,0.7227587
22074,0.8236181
22075,0.9443334
22076,0.7625913
22077,0.9675565
22078,0.7103721
22079,0.95531267
22080,0.4805267
22081,0.9958948
22082,0.9937412
22083,0.9926439
22084,0.0088602975
22085,0.6401492
22086,0.85590523
22087,0.7022271
22088,0.6605323
22089,0.9856324
22090,0.87840486
22091,0.9857723
22092,0.91550314
22093,0.6752504
22094,0.97957015
22095,0.88159096
22096,0.41494632
22097,0.85734665
22098,0.9001969
22099,0.96096563
22100,0.68806165
22101,0.31562296
22102,0.93271124
22103,0.8508238
22104,0.9122821
22105,0.77102
22106,0.88866365
22107,0.6526222
22108,0.6961004
22109,0.93483883
22110,0.9232196
22111,0.009116552
22112,0.622437
22113,0.96198505
22114,0.78623444
22115,0.95506066
22116,0.8941276
22117,0.9628773
22118,0.90276724
22119,0.7652413
22120,0.99500763
22121,0.008317958
22122,0.99788266
22123,0.98105145
22124,0.84193367
22125,0.78663623
22126,0.6301382
22127,0.094387814
22128,0.4496869
22129,0.88518846
22130,0.86877704
22131,0.9741595
22132,0.996935
22133,0.99359304
22134,0.03732144
22135,0.6284979
22136,0.984139
22137,0.8211599
22138,0.9955621
22139,0.86393404
22140,0.9892374
22141,0.7450249
22142,0.9674325
22143,0.9177939
22144,0.4554897
22145,0.9107518
22146,0.8982335
22147,0.9850869
22148,0.99213296
22149,0.918168
22150,0.9900119
22151,0.410897
22152,0.9202592
22153,0.9804982
22154,0.8983411
22155,0.99744797
22156,0.99868673
22157,0.8347514
22158,0.49982637
22159,0.8714846
22160,0.97928655
22161,0.91702497
22162,0.9164132
22163,0.7986292
22164,0.99776924
22165,0.87409496
22166,0.9329738
22167,0.9873739
22168,0.94352305
22169,0.9450891
22170,0.9637042
22171,0.9489875
22172,0.9786512
22173,0.9795376
22174,0.7890678
22175,0.9173531
22176,0.9868008
22177,0.68639123
22178,0.9923133
22179,0.069885254
22180,0.9453675
22181,0.9851304
22182,0.9953798
22183,0.99276865
22184,0.67679834
22185,0.8805683
22186,0.84736437
22187,0.09359419
22188,0.9789907
22189,0.99273175
22190,0.9585984
22191,0.7645651
22192,0.9921625
22193,0.8906784
22194,0.71046484
22195,0.87400264
22196,0.7769221
22197,0.9989172
22198,0.5078945
22199,0.87456995
22200,0.98203963
22201,0.6966398
22202,0.9777129
22203,0.99273974
22204,0.23074228
22205,0.88293916
22206,0.11737387
22207,0.89699733
22208,0.5758902
22209,0.1126388
22210,0.9817089
22211,0.9874249
22212,0.57415515
22213,0.6897283
22214,0.6862392
22215,0.996311
22216,0.7249178
22217,0.9899483
22218,0.98293567
22219,0.9833038
22220,0.6716364
22221,0.3936162
22222,0.90755
22223,0.98898125
22224,0.7006193
22225,0.8424947
22226,0.65766925
22227,0.394558
22228,0.992394
22229,0.79994494
22230,0.9958646
22231,0.89225
22232,0.98793834
22233,0.99868804
22234,0.9341119
22235,0.67396414
22236,0.85995656
22237,0.9444157
22238,0.91513574
22239,0.9943771
22240,0.9546852
22241,0.5812724
22242,0.7333051
22243,0.90833527
22244,0.9521202
22245,0.95444655
22246,0.9874178
22247,0.9954085
22248,0.37672243
22249,0.90313023
22250,0.76293045
22251,0.99419326
22252,0.99708384
22253,0.98469305
22254,0.87134254
22255,0.4619524
22256,0.8174543
22257,0.9570619
22258,0.9882395
22259,0.80597013
22260,0.7817962
22261,0.64627105
22262,0.9903436
22263,0.42816553
22264,0.5154623
22265,0.7198843
22266,0.7806139
22267,0.4068918
22268,0.97061396
22269,0.9630995
22270,0.9126176
22271,0.9916415
22272,0.9264589
22273,0.96919066
22274,0.5290257
22275,0.73601997
22276,0.67055094
22277,0.98979133
22278,0.9456909
22279,0.99733233
22280,0.99758947
22281,0.9978982
22282,0.6495103
22283,0.98672837
22284,0.98878914
22285,0.9988782
22286,0.98896104
22287,0.97854346
22288,0.81884813
22289,0.9933668
22290,0.7761087
22291,0.005838012
22292,0.5338795
22293,0.9983804
22294,0.8689874
22295,0.9829169
22296,0.020294344
22297,0.65467125
22298,0.99504966
22299,0.9871122
22300,0.3742079
22301,0.98587614
22302,0.9972589
22303,0.9971756
22304,0.9972011
22305,0.93483174
22306,0.95407164
22307,0.9906985
22308,0.51337034
22309,0.9126616
22310,0.31688222
22311,0.98549277
22312,0.8754358
22313,0.89595157
22314,0.91561145
22315,0.9945628
22316,0.9727682
22317,0.66522294
22318,0.96313244
22319,0.30489928
22320,0.007353709
22321,0.9788422
22322,0.55860233
22323,0.7694452
22324,0.6598681
22325,0.63160664
22326,0.8725838
22327,0.92890793
22328,0.7078093
22329,0.34128034
22330,0.90203625
22331,0.9247657
22332,0.98248404
22333,0.9991412
22334,0.8424864
22335,0.87012863
22336,0.9583872
22337,0.36005014
22338,0.5619777
22339,0.9931076
22340,0.75889105
22341,0.6000128
22342,0.9554626
22343,0.78946584
22344,0.9793394
22345,0.99373454
22346,0.96187997
22347,0.9607034
22348,0.9762516
22349,0.894782
22350,0.97306496
22351,0.9409262
22352,0.9825226
22353,0.68457466
22354,0.6327784
22355,0.46083596
22356,0.9958008
22357,0.85885257
22358,0.32892615
22359,0.88216347
22360,0.6523272
22361,0.7328189
22362,0.76237166
22363,0.5781624
22364,0.8278235
22365,0.9973869
22366,0.9097261
22367,0.27406865
22368,0.75065553
22369,0.9916596
22370,0.84622633
22371,0.38586357
22372,0.9946832
22373,0.9626564
22374,0.8485716
22375,0.994307
22376,0.98539287
22377,0.97667253
22378,0.9854806
22379,0.9959026
22380,0.4801744
22381,0.35892823
22382,0.6329091
22383,0.9826848
22384,0.9939221
22385,0.98943675
22386,0.9975204
22387,0.33766785
22388,0.64983493
22389,0.8825565
22390,0.79952925
22391,0.8035392
22392,0.7446976
22393,0.8806244
22394,0.94128376
22395,0.99103445
22396,0.99619544
22397,0.9623439
22398,0.9912924
22399,0.9934093
22400,0.4799425
22401,0.9477876
22402,0.9927007
22403,0.98649526
22404,0.13791198
22405,0.88075036
22406,0.73699504
22407,0.8443208
22408,0.80475193
22409,0.9975314
22410,0.11075381
22411,0.7497091
22412,0.5474261
22413,0.92803615
22414,0.98036045
22415,0.8794318
22416,0.95452857
22417,0.8937719
22418,0.6947238
22419,0.9064716
22420,0.97160983
22421,0.9487521
22422,0.9988446
22423,0.742996
22424,0.99851376
22425,0.9954137
22426,0.9684559
22427,0.7681957
22428,0.92563003
22429,0.9920806
22430,0.9539934
22431,0.82922447
22432,0.9884283
22433,0.96921384
22434,0.8677162
22435,0.45863718
22436,0.8420144
22437,0.84849995
22438,0.78204864
22439,0.9814858
22440,0.986555
22441,0.9962082
22442,0.90230775
22443,0.98228306
22444,0.42875883
22445,0.77289796
22446,0.99371237
22447,0.8352473
22448,0.9931138
22449,0.6430464
22450,0.9539576
22451,0.9438822
22452,0.7955902
22453,0.63594526
22454,0.9954399
22455,0.982691
22456,0.9881616
22457,0.7823782
22458,0.62746996
22459,0.991499
22460,0.67143697
22461,0.9291784
22462,0.9150884
22463,0.5238431
22464,0.84156936
22465,0.83368295
22466,0.39854932
22467,0.8271416
22468,0.038229574
22469,0.99238914
22470,0.97280914
22471,0.88425875
22472,0.80723435
22473,0.9443043
22474,0.33725834
22475,0.06700614
22476,0.993419
22477,0.8893745
22478,0.95958227
22479,0.62437844
22480,0.9917105
22481,0.7899553
22482,0.7274005
22483,0.9921943
22484,0.9801325
22485,0.977373
22486,0.9325729
22487,0.9786323
22488,0.25285998
22489,0.7384212
22490,0.99749184
22491,0.8606182
22492,0.9898919
22493,0.9372937
22494,0.64175636
22495,0.68078893
22496,0.99443334
22497,0.91869324
22498,0.8847621
22499,0.5494307
22500,0.9804566
22501,0.76779157
22502,0.9954529
22503,0.47265312
22504,0.73406094
22505,0.79143274
22506,0.6870783
22507,0.80110234
22508,0.8445745
22509,0.52978617
22510,0.9654767
22511,0.84811795
22512,0.80134636
22513,0.9587695
22514,0.85639113
22515,0.9877666
22516,0.99245316
22517,0.99348265
22518,0.76092064
22519,0.8809212
22520,0.5337278
22521,0.30003822
22522,0.99441093
22523,0.76821417
22524,0.9986958
22525,0.9699738
22526,0.56708515
22527,0.9959912
22528,0.9256288
22529,0.8585191
22530,0.9968702
22531,0.979633
22532,0.9732764
22533,0.9926722
22534,0.8290597
22535,0.992203
22536,0.31038874
22537,0.7679728
22538,0.9961499
22539,0.9818178
22540,0.9915069
22541,0.9943364
22542,0.30968434
22543,0.014562029
22544,0.53338814
22545,0.9878429
22546,0.97286654
22547,0.6254541
22548,0.9966589
22549,0.6876597
22550,0.96750855
22551,0.997556
22552,0.98349935
22553,0.8175101
22554,0.8077112
22555,0.97352386
22556,0.8633831
22557,0.8492312
22558,0.94283694
22559,0.58140856
22560,0.74864733
22561,0.9346855
22562,0.9637504
22563,0.57792825
22564,0.9966365
22565,0.88918304
22566,0.6602869
22567,0.9575315
22568,0.8150249
22569,0.9891384
22570,0.99681586
22571,0.99548256
22572,0.9713987
22573,0.99767095
22574,0.99527967
22575,0.95936173
22576,0.665438
22577,0.9959842
22578,0.7539542
22579,0.9867366
22580,0.9121963
22581,0.9929119
22582,0.7348562
22583,0.7193305
22584,0.9821976
22585,0.1472718
22586,0.6448048
22587,0.99299
22588,0.6294294
22589,0.7652163
22590,0.9906536
22591,0.98649824
22592,0.98603535
22593,0.6980294
22594,0.998154
22595,0.2744664
22596,0.9838516
22597,0.9842709
22598,0.20660149
22599,0.891885
22600,0.99658585
22601,0.83178794
22602,0.94488513
22603,0.7650478
22604,0.96217793
22605,0.7354141
22606,0.9796211
22607,0.76457864
22608,0.5230019
22609,0.9155743
22610,0.99080384
22611,0.90820736
22612,0.756691
22613,0.6624895
22614,0.79828143
22615,0.97416794
22616,0.7973914
22617,0.9906551
22618,0.20002772
22619,0.9371936
22620,0.86447716
22621,0.9680311
22622,0.99634856
22623,0.8719307
22624,0.9774228
22625,0.97311234
22626,0.9079874
22627,0.99188143
22628,0.64536864
22629,0.8586971
22630,0.693056
22631,0.6992265
22632,0.97671473
22633,0.9340993
22634,0.32632005
22635,0.9136198
22636,0.26590842
22637,0.887395
22638,0.93344575
22639,0.7693793
22640,0.99531025
22641,0.76999533
22642,0.7649291
22643,0.91167444
22644,0.96462685
22645,0.9522406
22646,0.23643138
22647,0.73034114
22648,0.07531078
22649,0.7704429
22650,0.98765576
22651,0.9976254
22652,0.7617388
22653,0.9729539
22654,0.82301503
22655,0.42295507
22656,0.98964965
22657,0.23312132
22658,0.96319747
22659,0.99394244
22660,0.41199622
22661,0.88020104
22662,0.62553304
22663,0.430268
22664,0.66961914
22665,0.9622923
22666,0.8847171
22667,0.9893049
22668,0.99031305
22669,0.6956897
22670,0.5217187
22671,0.8588311
22672,0.7896211
22673,0.9963966
22674,0.7804999
22675,0.84037995
22676,0.73066026
22677,0.9586824
22678,0.23038237
22679,0.99842656
22680,0.95919365
22681,0.32156712
22682,0.9749142
22683,0.014769704
22684,0.9439382
22685,0.99175173
22686,0.99257153
22687,0.97090346
22688,0.82191825
22689,0.9547293
22690,0.923393
22691,0.96307945
22692,0.69970727
22693,0.9759738
22694,0.8677082
22695,0.99323326
22696,0.8212457
22697,0.9494113
22698,0.8679849
22699,0.03102658
22700,0.27533126
22701,0.9965533
22702,0.98811615
22703,0.8765542
22704,0.9918786
22705,0.9824455
22706,0.6299108
22707,0.6379769
22708,0.9745589
22709,0.99634296
22710,0.9892406
22711,0.9969117
22712,0.8988727
22713,0.77905935
22714,0.897757
22715,0.62544245
22716,0.61594546
22717,0.010836159
22718,0.980287
22719,0.3941232
22720,0.8628654
22721,0.013918594
22722,0.79214907
22723,0.42014503
22724,0.59138423
22725,0.814601
22726,0.79876
22727,0.55343163
22728,0.9919728
22729,0.7638549
22730,0.7837728
22731,0.7901013
22732,0.95488006
22733,0.9596168
22734,0.78175247
22735,0.45433152
22736,0.9814967
22737,0.985598
22738,0.3596676
22739,0.97676677
22740,0.97989905
22741,0.52755225
22742,0.7673368
22743,0.91192627
22744,0.990607
22745,0.9607544
22746,0.9956761
22747,0.58513224
22748,0.8050655
22749,0.9591537
22750,0.99287474
22751,0.6897627
22752,0.98914415
22753,0.8361495
22754,0.8115362
22755,0.08391189
22756,0.9918759
22757,0.3261431
22758,0.68270046
22759,0.7703463
22760,0.9302453
22761,0.02998719
22762,0.33871707
22763,0.77208203
22764,0.9961695
22765,0.95822805
22766,0.84294266
22767,0.8264306
22768,0.59577876
22769,0.7068427
22770,0.9670691
22771,0.7216766
22772,0.9917779
22773,0.8828311
22774,0.89464116
22775,0.69640476
22776,0.25219476
22777,0.6834698
22778,0.6990117
22779,0.9037892
22780,0.98233175
22781,0.97760713
22782,0.96297544
22783,0.9691001
22784,0.6069339
22785,0.7882313
22786,0.35166225
22787,0.47517547
22788,0.94323623
22789,0.9928033
22790,0.8738238
22791,0.71327454
22792,0.9086759
22793,0.9823607
22794,0.8566704
22795,0.79641163
22796,0.99293256
22797,0.98738456
22798,0.75559264
22799,0.9497017
22800,0.66965824
22801,0.9442647
22802,0.98918074
22803,0.97830826
22804,0.77731234
22805,0.7998874
22806,0.9763945
22807,0.9349891
22808,0.9892446
22809,0.8348074
22810,0.78628784
22811,0.9805012
22812,0.8967673
22813,0.89863247
22814,0.83616936
22815,0.9801062
22816,0.9988224
22817,0.98914367
22818,0.9919912
22819,0.98398995
22820,0.9965978
22821,0.7398409
22822,0.92578405
22823,0.6514337
22824,0.9928712
22825,0.94862795
22826,0.9968405
22827,0.642572
22828,0.994128
22829,0.81181175
22830,0.8571676
22831,0.9815518
22832,0.9910574
22833,0.98718077
22834,0.99715805
22835,0.7457837
22836,0.26493317
22837,0.8938294
22838,0.9900253
22839,0.78687733
22840,0.9808795
22841,0.9704315
22842,0.7846905
22843,0.97549874
22844,0.86434406
22845,0.9957306
22846,0.8891015
22847,0.8070326
22848,0.9484782
22849,0.9654403
22850,0.82323384
22851,0.5869824
22852,0.88460904
22853,0.6157188
22854,0.7022952
22855,0.9759838
22856,0.36182272
22857,0.9872111
22858,0.6475815
22859,0.8703676
22860,0.84638506
22861,0.6144093
22862,0.5961374
22863,0.7946496
22864,0.15243122
22865,0.36280438
22866,0.9930862
22867,0.7797061
22868,0.8691408
22869,0.58488584
22870,0.9648687
22871,0.64615124
22872,0.6282648
22873,0.76957464
22874,0.993822
22875,0.7289846
22876,0.8873337
22877,0.6481173
22878,0.96126455
22879,0.6756754
22880,0.99097776
22881,0.4049971
22882,0.6966894
22883,0.35142186
22884,0.36258817
22885,0.9916597
22886,0.96548015
22887,0.7921441
22888,0.97148854
22889,0.9762273
22890,0.9974898
22891,0.9949891
22892,0.76035017
22893,0.9892693
22894,0.47532618
22895,0.6754214
22896,0.7670642
22897,0.94556165
22898,0.90902615
22899,0.85788405
22900,0.9915354
22901,0.9090655
22902,0.011180287
22903,0.99696475
22904,0.9590538
22905,0.98263514
22906,0.97958034
22907,0.9976221
22908,0.5991141
22909,0.9160173
22910,0.928103
22911,0.84844965
22912,0.9705442
22913,0.81884366
22914,0.43057507
22915,0.0098577
22916,0.980312
22917,0.9835376
22918,0.35927954
22919,0.96702886
22920,0.017426051
22921,0.9665071
22922,0.18332294
22923,0.72904485
22924,0.99385
22925,0.77250695
22926,0.96802807
22927,0.2797402
22928,0.8431077
22929,0.7256737
22930,0.94654644
22931,0.8412355
22932,0.9905115
22933,0.9966851
22934,0.7968724
22935,0.91918457
22936,0.9829505
22937,0.99045044
22938,0.9089639
22939,0.99493223
22940,0.9542342
22941,0.9931855
22942,0.96667236
22943,0.68254066
22944,0.8503671
22945,0.9966576
22946,0.7140511
22947,0.990054
22948,0.83213127
22949,0.9845792
22950,0.6939617
22951,0.9948507
22952,0.9984269
22953,0.055471953
22954,0.5465675
22955,0.9400371
22956,0.97963274
22957,0.44712183
22958,0.5559181
22959,0.7376786
22960,0.9908275
22961,0.9469648
22962,0.9284728
22963,0.32036552
22964,0.96540457
22965,0.95951587
22966,0.7541546
22967,0.97478706
22968,0.69557625
22969,0.22713023
22970,0.67602646
22971,0.8789567
22972,0.6862859
22973,0.6001707
22974,0.7914999
22975,0.6564732
22976,0.5779509
22977,0.5845886
22978,0.9951615
22979,0.871152
22980,0.6456072
22981,0.99680364
22982,0.5349913
22983,0.3787229
22984,0.94994
22985,0.9714418
22986,0.7416413
22987,0.9929783
22988,0.8685205
22989,0.20741186
22990,0.82846284
22991,0.73892325
22992,0.993298
22993,0.25936756
22994,0.98458153
22995,0.81002074
22996,0.93835276
22997,0.9842822
22998,0.98500985
22999,0.64775187
23000,0.9892398
23001,0.7655772
23002,0.91202617
23003,0.94925016
23004,0.72349715
23005,0.8000189
23006,0.79943126
23007,0.9439277
23008,0.9332303
23009,0.99586123
23010,0.99203265
23011,0.986014
23012,0.94777846
23013,0.7010505
23014,0.77686465
23015,0.5635747
23016,0.5263308
23017,0.7349566
23018,0.86894387
23019,0.79609764
23020,0.9820952
23021,0.98638576
23022,0.99606615
23023,0.67072415
23024,0.99684995
23025,0.223058
23026,0.8021492
23027,0.7834826
23028,0.82470095
23029,0.28586903
23030,0.9746509
23031,0.8229331
23032,0.0408597
23033,0.9978175
23034,0.925567
23035,0.3277979
23036,0.99469334
23037,0.99648607
23038,0.9973538
23039,0.3301745
23040,0.9938676
23041,0.5335016
23042,0.9338014
23043,0.98319906
23044,0.9814264
23045,0.8301388
23046,0.5469659
23047,0.9980757
23048,0.7682447
23049,0.8952006
23050,0.9948474
23051,0.97383446
23052,0.9148503
23053,0.771036
23054,0.5789784
23055,0.74460685
23056,0.8442942
23057,0.6605073
23058,0.75664884
23059,0.74346703
23060,0.97507495
23061,0.85544306
23062,0.98871243
23063,0.98155576
23064,0.16001879
23065,0.9262081
23066,0.97146374
23067,0.46996847
23068,0.6883649
23069,0.70155203
23070,0.9169501
23071,0.27156505
23072,0.6537046
23073,0.9059047
23074,0.74786925
23075,0.9808425
23076,0.5545848
23077,0.8558014
23078,0.7253251
23079,0.989365
23080,0.990626
23081,0.8858678
23082,0.9032508
23083,0.78655255
23084,0.6031751
23085,0.9908517
23086,0.61369544
23087,0.9318256
23088,0.91890526
23089,0.8207484
23090,0.99643326
23091,0.9971975
23092,0.72068495
23093,0.98481476
23094,0.9581314
23095,0.848664
23096,0.989219
23097,0.981498
23098,0.32651517
23099,0.918482
23100,0.9782528
23101,0.8118561
23102,0.7918797
23103,0.99193317
23104,0.9878142
23105,0.7506618
23106,0.81779975
23107,0.9961438
23108,0.49024576
23109,0.9250116
23110,0.9461557
23111,0.93218637
23112,0.99705195
23113,0.7461891
23114,0.7883526
23115,0.935495
23116,0.7255676
23117,0.9942378
23118,0.7785061
23119,0.8618463
23120,0.73662907
23121,0.9989513
23122,0.9502146
23123,0.9945674
23124,0.9726591
23125,0.36460862
23126,0.97920483
23127,0.9964849
23128,0.9118392
23129,0.9944886
23130,0.7775765
23131,0.99457717
23132,0.87060857
23133,0.9913345
23134,0.9878483
23135,0.9630127
23136,0.38842535
23137,0.9550079
23138,0.98737437
23139,0.90374005
23140,0.59117943
23141,0.98820215
23142,0.82340354
23143,0.98199964
23144,0.9225782
23145,0.67486274
23146,0.9902023
23147,0.9953998
23148,0.99948597
23149,0.97181106
23150,0.9936319
23151,0.8838787
23152,0.94847697
23153,0.18841569
23154,0.67689717
23155,0.35892826
23156,0.9959121
23157,0.99050564
23158,0.9916203
23159,0.9936465
23160,0.94676244
23161,0.9762356
23162,0.8244916
23163,0.9969727
23164,0.971629
23165,0.6243726
23166,0.9444518
23167,0.89754736
23168,0.9933055
23169,0.86008114
23170,0.20204991
23171,0.95765764
23172,0.9906082
23173,0.9924265
23174,0.7026947
23175,0.92527723
23176,0.94605017
23177,0.023870608
23178,0.98832816
23179,0.51396644
23180,0.99721307
23181,0.30912885
23182,0.986361
23183,0.98410296
23184,0.25491852
23185,0.99255216
23186,0.99656904
23187,0.8713694
23188,0.997442
23189,0.81821585
23190,0.8867842
23191,0.9932794
23192,0.85356736
23193,0.99244666
23194,0.50584567
23195,0.9463849
23196,0.8150509
23197,0.96929675
23198,0.9144788
23199,0.9047654
23200,0.7991714
23201,0.022218993
23202,0.9763215
23203,0.0047741868
23204,0.9981804
23205,0.9960517
23206,0.6585848
23207,0.8883763
23208,0.9941221
23209,0.7065506
23210,0.87540203
23211,0.968708
23212,0.996673
23213,0.8771496
23214,0.99569476
23215,0.875365
23216,0.8190595
23217,0.2659556
23218,0.29442123
23219,0.8741367
23220,0.9202618
23221,0.9898012
23222,0.33796367
23223,0.22563511
23224,0.9832745
23225,0.77674735
23226,0.6232818
23227,0.18344262
23228,0.99258983
23229,0.93849677
23230,0.99879944
23231,0.8412869
23232,0.97496027
23233,0.35937497
23234,0.70218104
23235,0.20138884
23236,0.969653
23237,0.9822536
23238,0.5815976
23239,0.8459299
23240,0.98904115
23241,0.99829954
23242,0.6069815
23243,0.9945614
23244,0.88184434
23245,0.99324197
23246,0.761217
23247,0.56133103
23248,0.9626271
23249,0.7980803
23250,0.99028206
23251,0.9815609
23252,0.9057472
23253,0.43821725
23254,0.9455039
23255,0.8977812
23256,0.99056923
23257,0.65688276
23258,0.9534817
23259,0.2527427
23260,0.8119616
23261,0.9945574
23262,0.6605417
23263,0.9106734
23264,0.5782329
23265,0.8414719
23266,0.9933036
23267,0.99750227
23268,0.83449703
23269,0.98645765
23270,0.89967537
23271,0.4873134
23272,0.58168113
23273,0.9828759
23274,0.9214073
23275,0.63265026
23276,0.42364275
23277,0.5458148
23278,0.80976534
23279,0.70952505
23280,0.56186676
23281,0.99389476
23282,0.99859065
23283,0.9102714
23284,0.7980027
23285,0.84602016
23286,0.9038722
23287,0.99402606
23288,0.927035
23289,0.99754435
23290,0.8611031
23291,0.4654373
23292,0.70147485
23293,0.9976018
23294,0.9255569
23295,0.9468911
23296,0.97123206
23297,0.9973711
23298,0.9968784
23299,0.98067904
23300,0.9141517
23301,0.9957742
23302,0.99653304
23303,0.9762176
23304,0.7471084
23305,0.1709972
23306,0.8355685
23307,0.48997596
23308,0.5220706
23309,0.54509836
23310,0.05403525
23311,0.9901182
23312,0.7088289
23313,0.9631969
23314,0.9931045
23315,0.7273859
23316,0.58043426
23317,0.81117976
23318,0.77455515
23319,0.6731544
23320,0.67238843
23321,0.9906696
23322,0.99352807
23323,0.8968713
23324,0.7663746
23325,0.9832909
23326,0.9861016
23327,0.8971375
23328,0.9417116
23329,0.9961087
23330,0.894662
23331,0.78915226
23332,0.87272173
23333,0.94999254
23334,0.9976699
23335,0.9924638
23336,0.99355376
23337,0.9958988
23338,0.4559157
23339,0.7248012
23340,0.7923844
23341,0.98177344
23342,0.634236
23343,0.8803691
23344,0.97375417
23345,0.99345475
23346,0.9837376
23347,0.942921
23348,0.9917619
23349,0.70881927
23350,0.96799344
23351,0.76507664
23352,0.98659176
23353,0.99341524
23354,0.99348503
23355,0.87719125
23356,0.8041195
23357,0.80517566
23358,0.59684986
23359,0.98289734
23360,0.96631706
23361,0.8143199
23362,0.9938274
23363,0.7689534
23364,0.6172287
23365,0.9550264
23366,0.921448
23367,0.99819237
23368,0.66540927
23369,0.8336778
23370,0.98784596
23371,0.85042524
23372,0.9749189
23373,0.51919067
23374,0.33499923
23375,0.78284025
23376,0.7608226
23377,0.8532226
23378,0.91211253
23379,0.78917927
23380,0.8031953
23381,0.8577174
23382,0.8350719
23383,0.9946366
23384,0.9580998
23385,0.7535348
23386,0.23591769
23387,0.6755818
23388,0.49622694
23389,0.83064425
23390,0.9843187
23391,0.8584664
23392,0.47399977
23393,0.7905473
23394,0.12736681
23395,0.926945
23396,0.9902109
23397,0.9786214
23398,0.74195445
23399,0.9363634
23400,0.40970707
23401,0.8292974
23402,0.9536342
23403,0.9265186
23404,0.44056562
23405,0.5491034
23406,0.99675864
23407,0.93075097
23408,0.9745316
23409,0.9911374
23410,0.8365711
23411,0.5978509
23412,0.4928136
23413,0.9640662
23414,0.76789975
23415,0.9917054
23416,0.99754447
23417,0.9793118
23418,0.71802765
23419,0.9874013
23420,0.9877604
23421,0.18809107
23422,0.9792683
23423,0.9925275
23424,0.11466652
23425,0.8450318
23426,0.8978148
23427,0.9905143
23428,0.9970794
23429,0.6725313
23430,0.9987853
23431,0.65711766
23432,0.9418736
23433,0.58699876
23434,0.6394451
23435,0.8772923
23436,0.58292645
23437,0.2536211
23438,0.72417927
23439,0.949206
23440,0.92696154
23441,0.7239186
23442,0.99634594
23443,0.0043058577
23444,0.7192592
23445,0.97086304
23446,0.90957046
23447,0.34255755
23448,0.8295765
23449,0.6382312
23450,0.95264024
23451,0.9870428
23452,0.8068711
23453,0.9941203
23454,0.9693954
23455,0.49971595
23456,0.9366543
23457,0.85150903
23458,0.2236104
23459,0.9970619
23460,0.9899873
23461,0.997531
23462,0.5135429
23463,0.99937767
23464,0.94298077
23465,0.7818907
23466,0.9872141
23467,0.4442874
23468,0.97142416
23469,0.41760558
23470,0.99502075
23471,0.97467875
23472,0.47722828
23473,0.9839602
23474,0.9854813
23475,0.9036054
23476,0.9877017
23477,0.9924797
23478,0.89769846
23479,0.9840934
23480,0.8143319
23481,0.7423916
23482,0.68436295
23483,0.9535863
23484,0.98218566
23485,0.9805699
23486,0.9854054
23487,0.94111353
23488,0.90773296
23489,0.65683
23490,0.91174376
23491,0.65695405
23492,0.7220245
23493,0.43674386
23494,0.7043985
23495,0.3215841
23496,0.11129402
23497,0.94275343
23498,0.61632466
23499,0.5177122
23500,0.33641344
23501,0.018071163
23502,0.9956708
23503,0.9958413
23504,0.5571648
23505,0.92166495
23506,0.21925516
23507,0.5120859
23508,0.7769358
23509,0.95939124
23510,0.56023234
23511,0.57599443
23512,0.72034115
23513,0.90159726
23514,0.8760828
23515,0.85181737
23516,0.92569673
23517,0.8648606
23518,0.005933637
23519,0.59760725
23520,0.9845072
23521,0.70848775
23522,0.67706555
23523,0.9065363
23524,0.9794455
23525,0.97576046
23526,0.9855898
23527,0.9923792
23528,0.97047764
23529,0.5596376
23530,0.99076664
23531,0.9886326
23532,0.87865555
23533,0.58111227
23534,0.99627966
23535,0.9812158
23536,0.9795943
23537,0.9134196
23538,0.59959376
23539,0.39232895
23540,0.4169371
23541,0.38886943
23542,0.9894951
23543,0.8175111
23544,0.36619514
23545,0.4188977
23546,0.8112449
23547,0.9899385
23548,0.7021294
23549,0.8828067
23550,0.53159237
23551,0.39249158
23552,0.84239
23553,0.99102753
23554,0.9525238
23555,0.9922764
23556,0.55045015
23557,0.97328633
23558,0.86087996
23559,0.7557291
23560,0.9384508
23561,0.7826862
23562,0.9860182
23563,0.71668893
23564,0.99164397
23565,0.8609175
23566,0.8517884
23567,0.972938
23568,0.9567158
23569,0.012557555
23570,0.9872745
23571,0.9041374
23572,0.9975533
23573,0.7303275
23574,0.99431854
23575,0.9963322
23576,0.9464389
23577,0.6032837
23578,0.97559595
23579,0.9741279
23580,0.9622932
23581,0.98949486
23582,0.9953484
23583,0.75790656
23584,0.9007821
23585,0.99869126
23586,0.48263526
23587,0.9592957
23588,0.9329688
23589,0.6384224
23590,0.22168818
23591,0.9948179
23592,0.6637896
23593,0.59948903
23594,0.48575848
23595,0.46261483
23596,0.91995955
23597,0.99201536
23598,0.99748516
23599,0.91126907
23600,0.92087364
23601,0.6940577
23602,0.9614915
23603,0.908228
23604,0.99822515
23605,0.9906328
23606,0.7057334
23607,0.68733513
23608,0.90421325
23609,0.995856
23610,0.89415
23611,0.9512685
23612,0.99030685
23613,0.6933985
23614,0.9601548
23615,0.72378325
23616,0.7928278
23617,0.9984975
23618,0.52222
23619,0.8645222
23620,0.96890074
23621,0.8634099
23622,0.98826164
23623,0.97011966
23624,0.76509863
23625,0.737076
23626,0.5380322
23627,0.37453094
23628,0.7688425
23629,0.9966413
23630,0.51616544
23631,0.81067044
23632,0.9804151
23633,0.7418911
23634,0.93839914
23635,0.5114455
23636,0.7141843
23637,0.102668665
23638,0.4045229
23639,0.92596954
23640,0.9909333
23641,0.99269944
23642,0.9955291
23643,0.62288725
23644,0.9146433
23645,0.46200857
23646,0.9896923
23647,0.9965318
23648,0.6276145
23649,0.8464177
23650,0.98909575
23651,0.65097237
23652,0.9784725
23653,0.4998658
23654,0.36101392
23655,0.69083923
23656,0.8542701
23657,0.99731845
23658,0.9583558
23659,0.9905902
23660,0.9756623
23661,0.9641659
23662,0.8617291
23663,0.86253446
23664,0.99554706
23665,0.66656387
23666,0.9779292
23667,0.50031674
23668,0.91543764
23669,0.9952637
23670,0.99539256
23671,0.9430521
23672,0.76923823
23673,0.7187679
23674,0.73732764
23675,0.8777179
23676,0.7361739
23677,0.9970835
23678,0.6936628
23679,0.9875809
23680,0.9747595
23681,0.8059019
23682,0.9988776
23683,0.9946255
23684,0.98086286
23685,0.5491824
23686,0.9896073
23687,0.9252991
23688,0.9985234
23689,0.6978867
23690,0.97423315
23691,0.9419344
23692,0.7541859
23693,0.9322383
23694,0.96294755
23695,0.83924776
23696,0.99358714
23697,0.8350022
23698,0.9980388
23699,0.7239616
23700,0.6470688
23701,0.9836822
23702,0.68831116
23703,0.62066805
23704,0.99553055
23705,0.88684785
23706,0.81981003
23707,0.93097436
23708,0.5428949
23709,0.6384723
23710,0.9002904
23711,0.9907753
23712,0.9244195
23713,0.7380936
23714,0.9907686
23715,0.98359364
23716,0.7818949
23717,0.9951624
23718,0.9008401
23719,0.8000369
23720,0.44133765
23721,0.73180485
23722,0.87559
23723,0.9939196
23724,0.59265625
23725,0.95955664
23726,0.37110478
23727,0.98987985
23728,0.83699006
23729,0.43373623
23730,0.96684587
23731,0.14221646
23732,0.89424497
23733,0.016719168
23734,0.69236296
23735,0.9975466
23736,0.75786805
23737,0.736074
23738,0.95265085
23739,0.4455707
23740,0.88586205
23741,0.98994327
23742,0.39574635
23743,0.9850522
23744,0.9802593
23745,0.6671368
23746,0.81512713
23747,0.9113527
23748,0.90436214
23749,0.93856376
23750,0.99161315
23751,0.9752915
23752,0.58878535
23753,0.8290909
23754,0.9137765
23755,0.7905767
23756,0.8634274
23757,0.7414241
23758,0.78989506
23759,0.9199324
23760,0.99380684
23761,0.9955872
23762,0.3264146
23763,0.81684476
23764,0.99684805
23765,0.9501366
23766,0.9972663
23767,0.78862506
23768,0.8860088
23769,0.15399283
23770,0.60753584
23771,0.95348626
23772,0.49499914
23773,0.97793394
23774,0.99782795
23775,0.935233
23776,0.9646155
23777,0.9432376
23778,0.7590506
23779,0.5184023
23780,0.20880999
23781,0.73501635
23782,0.39837402
23783,0.9366869
23784,0.69474494
23785,0.9841808
23786,0.8275074
23787,0.94099414
23788,0.9773308
23789,0.9165958
23790,0.99736243
23791,0.9878048
23792,0.8119515
23793,0.96377766
23794,0.86809015
23795,0.92839134
23796,0.9910415
23797,0.7002917
23798,0.6216197
23799,0.9634498
23800,0.77140135
23801,0.99737227
23802,0.9234465
23803,0.99063885
23804,0.76396495
23805,0.70757806
23806,0.8170918
23807,0.9866274
23808,0.8647035
23809,0.78064024
23810,0.5670646
23811,0.407709
23812,0.77597344
23813,0.79000264
23814,0.25927374
23815,0.6142108
23816,0.98983055
23817,0.9953837
23818,0.9979291
23819,0.98989993
23820,0.99010265
23821,0.8468206
23822,0.58604395
23823,0.85050344
23824,0.9497313
23825,0.5600045
23826,0.9981224
23827,0.7269013
23828,0.98983103
23829,0.96546733
23830,0.88799876
23831,0.9879148
23832,0.987694
23833,0.7783812
23834,0.9977526
23835,0.9623922
23836,0.5102847
23837,0.94084436
23838,0.99897444
23839,0.9977047
23840,0.94433135
23841,0.84935147
23842,0.9886525
23843,0.896322
23844,0.6247317
23845,0.58525723
23846,0.9902484
23847,0.82289046
23848,0.9916529
23849,0.6598292
23850,0.16715236
23851,0.85194486
23852,0.004367795
23853,0.98559695
23854,0.98483515
23855,0.9171034
23856,0.401151
23857,0.7447566
23858,0.72208184
23859,0.9966149
23860,0.9915109
23861,0.48496673
23862,0.9969349
23863,0.8824172
23864,0.87796867
23865,0.9788696
23866,0.609733
23867,0.54143584
23868,0.93097955
23869,0.99713945
23870,0.98786294
23871,0.8674131
23872,0.98562694
23873,0.99252737
23874,0.33890018
23875,0.94105387
23876,0.98899466
23877,0.74314183
23878,0.3448151
23879,0.99557847
23880,0.10779852
23881,0.35128313
23882,0.99628794
23883,0.98872954
23884,0.8049003
23885,0.9670364
23886,0.99133086
23887,0.5093483
23888,0.005858406
23889,0.8833093
23890,0.17128633
23891,0.95406586
23892,0.99718326
23893,0.9372914
23894,0.9936365
23895,0.34131166
23896,0.50823593
23897,0.98246336
23898,0.9859723
23899,0.93688273
23900,0.98340154
23901,0.8578244
23902,0.68701917
23903,0.4867446
23904,0.83408326
23905,0.9693703
23906,0.5340773
23907,0.86432654
23908,0.530071
23909,0.5046149
23910,0.5900995
23911,0.9544612
23912,0.96398324
23913,0.8820952
23914,0.3918488
23915,0.67425865
23916,0.9374903
23917,0.9936609
23918,0.98975116
23919,0.9048432
23920,0.7110715
23921,0.5641746
23922,0.72493905
23923,0.99827623
23924,0.9325024
23925,0.97551686
23926,0.51029456
23927,0.931598
23928,0.9907346
23929,0.73722774
23930,0.8353033
23931,0.8360175
23932,0.9122148
23933,0.9918085
23934,0.9110058
23935,0.8918877
23936,0.9886817
23937,0.7897994
23938,0.9480744
23939,0.7947604
23940,0.7908676
23941,0.988298
23942,0.9650835
23943,0.9793951
23944,0.5293613
23945,0.97997206
23946,0.984251
23947,0.88678515
23948,0.66045207
23949,0.91446334
23950,0.98507327
23951,0.7144551
23952,0.8047424
23953,0.98745733
23954,0.99161154
23955,0.99479806
23956,0.355534
23957,0.6475198
23958,0.56959546
23959,0.74808544
23960,0.83057284
23961,0.9382773
23962,0.5321176
23963,0.7182804
23964,0.99753416
23965,0.6565614
23966,0.58619905
23967,0.5843777
23968,0.77480215
23969,0.99704653
23970,0.99385566
23971,0.4981199
23972,0.90627605
23973,0.98830473
23974,0.6227823
23975,0.87607944
23976,0.9314756
23977,0.28756234
23978,0.8259966
23979,0.8577452
23980,0.9049055
23981,0.9751117
23982,0.29156777
23983,0.8331779
23984,0.79012877
23985,0.9636931
23986,0.99668556
23987,0.9581037
23988,0.9960347
23989,0.8344837
23990,0.5698182
23991,0.281594
23992,0.9637521
23993,0.9841412
23994,0.98687184
23995,0.9968913
23996,0.99399734
23997,0.75762004
23998,0.9966666
23999,0.7518942
24000,0.9742596
24001,0.92639863
24002,0.99725765
24003,0.73285437
24004,0.9580046
24005,0.85381824
24006,0.98733044
24007,0.43472043
24008,0.7869761
24009,0.9276602
24010,0.9704193
24011,0.8318848
24012,0.93853813
24013,0.9828256
24014,0.99392706
24015,0.9887439
24016,0.9767617
24017,0.8303087
24018,0.8917068
24019,0.8992857
24020,0.39197403
24021,0.93508375
24022,0.9421494
24023,0.99230886
24024,0.24249056
24025,0.9800496
24026,0.29642746
24027,0.48434123
24028,0.99479795
24029,0.99624074
24030,0.85307074
24031,0.937233
24032,0.78150517
24033,0.6216463
24034,0.9974598
24035,0.6630433
24036,0.9956846
24037,0.9626419
24038,0.92167616
24039,0.99840987
24040,0.9954509
24041,0.87698245
24042,0.8659541
24043,0.8722273
24044,0.9978828
24045,0.88323236
24046,0.8273459
24047,0.0050400407
24048,0.9174184
24049,0.9271028
24050,0.98966485
24051,0.979681
24052,0.28833115
24053,0.8159534
24054,0.26746023
24055,0.8506791
24056,0.98901635
24057,0.77962947
24058,0.9984592
24059,0.6586375
24060,0.76731896
24061,0.8112145
24062,0.9030233
24063,0.9968804
24064,0.99711084
24065,0.976528
24066,0.8193405
24067,0.63053286
24068,0.9101291
24069,0.95272475
24070,0.80301553
24071,0.9846721
24072,0.9960375
24073,0.8198952
24074,0.99404186
24075,0.916211
24076,0.70927376
24077,0.44233167
24078,0.7037335
24079,0.9686998
24080,0.9379766
24081,0.7422246
24082,0.8826803
24083,0.75726885
24084,0.53219974
24085,0.6292201
24086,0.92432106
24087,0.9684696
24088,0.6121552
24089,0.9832865
24090,0.9213813
24091,0.90393656
24092,0.8729746
24093,0.36190063
24094,0.8518556
24095,0.84335434
24096,0.9977144
24097,0.82649916
24098,0.88121915
24099,0.8400355
24100,0.7386908
24101,0.99442434
24102,0.8506976
24103,0.3836633
24104,0.050231993
24105,0.6978456
24106,0.9844282
24107,0.6166849
24108,0.9759555
24109,0.9997428
24110,0.32878464
24111,0.87625223
24112,0.5490145
24113,0.6117713
24114,0.6590394
24115,0.99552405
24116,0.55966663
24117,0.9912725
24118,0.913911
24119,0.99774396
24120,0.9787587
24121,0.97752804
24122,0.92750496
24123,0.80981195
24124,0.7144343
24125,0.7375427
24126,0.9982521
24127,0.99083626
24128,0.76207083
24129,0.9909089
24130,0.9951255
24131,0.40767795
24132,0.27016628
24133,0.325814
24134,0.97117966
24135,0.958379
24136,0.96535736
24137,0.9628313
24138,0.63115937
24139,0.9940128
24140,0.9448263
24141,0.7474012
24142,0.91286474
24143,0.7573189
24144,0.8254036
24145,0.88736635
24146,0.60599846
24147,0.87888944
24148,0.95506704
24149,0.009926962
24150,0.4665912
24151,0.790536
24152,0.99353796
24153,0.8543808
24154,0.8808022
24155,0.8945715
24156,0.87505895
24157,0.33902964
24158,0.8431012
24159,0.93398917
24160,0.9681542
24161,0.9895083
24162,0.9237661
24163,0.80321306
24164,0.9850832
24165,0.8719828
24166,0.99332255
24167,0.97545177
24168,0.9857385
24169,0.8606202
24170,0.8416011
24171,0.83665264
24172,0.8771924
24173,0.6726977
24174,0.06231316
24175,0.71133673
24176,0.9064256
24177,0.34719667
24178,0.9959364
24179,0.9958438
24180,0.89884
24181,0.06631893
24182,0.9937691
24183,0.99769574
24184,0.7994087
24185,0.38736835
24186,0.97476226
24187,0.6335615
24188,0.99572134
24189,0.77398825
24190,0.90210235
24191,0.99615234
24192,0.99750286
24193,0.8129939
24194,0.7861033
24195,0.41728845
24196,0.74891305
24197,0.42442232
24198,0.3442124
24199,0.77377826
24200,0.9618054
24201,0.9943586
24202,0.9831088
24203,0.89598274
24204,0.214021
24205,0.713883
24206,0.7613455
24207,0.96872866
24208,0.9093592
24209,0.862971
24210,0.9815839
24211,0.94217265
24212,0.84241
24213,0.93215126
24214,0.9921978
24215,0.5533085
24216,0.9962031
24217,0.9857991
24218,0.73553383
24219,0.9629583
24220,0.6242972
24221,0.5840065
24222,0.99283147
24223,0.99565446
24224,0.91982764
24225,0.9895719
24226,0.7345364
24227,0.9941906
24228,0.93170667
24229,0.37415755
24230,0.9834359
24231,0.84886
24232,0.9968815
24233,0.99850464
24234,0.9898448
24235,0.4884967
24236,0.99594253
24237,0.90716165
24238,0.7225114
24239,0.7679973
24240,0.99131024
24241,0.9969795
24242,0.8742488
24243,0.694456
24244,0.8735148
24245,0.7081639
24246,0.94475436
24247,0.6745564
24248,0.7841664
24249,0.9814487
24250,0.99803036
24251,0.95099723
24252,0.8363407
24253,0.93106747
24254,0.9179782
24255,0.72026354
24256,0.9968742
24257,0.99442106
24258,0.9961266
24259,0.8815782
24260,0.7637324
24261,0.9837034
24262,0.9892658
24263,0.95122164
24264,0.9287554
24265,0.70427203
24266,0.996198
24267,0.76890504
24268,0.35243836
24269,0.47258368
24270,0.66814816
24271,0.6711067
24272,0.9790578
24273,0.7838284
24274,0.7090818
24275,0.5642012
24276,0.5467656
24277,0.16006278
24278,0.4833227
24279,0.86916846
24280,0.9635216
24281,0.98565906
24282,0.79708284
24283,0.98694164
24284,0.7465888
24285,0.8988617
24286,0.9112059
24287,0.6951873
24288,0.82775253
24289,0.9746431
24290,0.81891245
24291,0.7580469
24292,0.5832798
24293,0.97793704
24294,0.39456007
24295,0.9515327
24296,0.9970042
24297,0.8971001
24298,0.74518865
24299,0.9009956
24300,0.617506
24301,0.17127205
24302,0.9923779
24303,0.9974146
24304,0.5798155
24305,0.5939624
24306,0.8676248
24307,0.9258663
24308,0.89750713
24309,0.8389603
24310,0.9025855
24311,0.92551327
24312,0.41211995
24313,0.751383
24314,0.98583037
24315,0.8204311
24316,0.9856544
24317,0.6861533
24318,0.9992544
24319,0.31854138
24320,0.37270424
24321,0.64634174
24322,0.9979868
24323,0.94245976
24324,0.41409552
24325,0.9892564
24326,0.4185482
24327,0.7552706
24328,0.8948544
24329,0.016044594
24330,0.9444847
24331,0.82181615
24332,0.7431275
24333,0.4544252
24334,0.80070245
24335,0.9874653
24336,0.9924089
24337,0.8614992
24338,0.57602674
24339,0.7776589
24340,0.9873821
24341,0.63443714
24342,0.9923149
24343,0.92590934
24344,0.9942386
24345,0.79885435
24346,0.38765132
24347,0.98085034
24348,0.41742012
24349,0.95593774
24350,0.87052953
24351,0.5750697
24352,0.8112806
24353,0.83593255
24354,0.83858526
24355,0.7946101
24356,0.9967002
24357,0.99570364
24358,0.9912532
24359,0.02170567
24360,0.3396742
24361,0.69394034
24362,0.61613655
24363,0.9288973
24364,0.9754133
24365,0.9718902
24366,0.9827109
24367,0.83382183
24368,0.66431993
24369,0.80365056
24370,0.90430635
24371,0.96221447
24372,0.93952256
24373,0.36500043
24374,0.67659503
24375,0.8370977
24376,0.9760532
24377,0.9718401
24378,0.97043824
24379,0.9646356
24380,0.4834217
24381,0.8380427
24382,0.8813465
24383,0.96407884
24384,0.9975827
24385,0.67174715
24386,0.99595875
24387,0.765889
24388,0.99200565
24389,0.7901135
24390,0.6946886
24391,0.7342272
24392,0.95536596
24393,0.99352175
24394,0.9953803
24395,0.8804675
24396,0.8785422
24397,0.8434271
24398,0.887596
24399,0.86516315
24400,0.9560176
24401,0.63440365
24402,0.33441636
24403,0.86163026
24404,0.680773
24405,0.6943794
24406,0.8928976
24407,0.9052821
24408,0.59643483
24409,0.4089342
24410,0.99355763
24411,0.79317945
24412,0.83884645
24413,0.010649677
24414,0.7655002
24415,0.986155
24416,0.9800862
24417,0.99264586
24418,0.44046748
24419,0.747449
24420,0.9882605
24421,0.9943281
24422,0.78765726
24423,0.26120952
24424,0.5953762
24425,0.97839046
24426,0.48308995
24427,0.97491294
24428,0.8657729
24429,0.009620808
24430,0.99292797
24431,0.20337313
24432,0.994457
24433,0.89810884
24434,0.6163277
24435,0.99186534
24436,0.4707599
24437,0.7812685
24438,0.37706226
24439,0.83396626
24440,0.96795213
24441,0.8133488
24442,0.3019134
24443,0.9945357
24444,0.66436213
24445,0.8701206
24446,0.8591674
24447,0.67619395
24448,0.8501496
24449,0.994206
24450,0.9939705
24451,0.9902732
24452,0.9232535
24453,0.002208703
24454,0.7400613
24455,0.1526148
24456,0.97783786
24457,0.31966612
24458,0.89113694
24459,0.9457033
24460,0.30116126
24461,0.61067134
24462,0.22572762
24463,0.7969799
24464,0.5103098
24465,0.9084059
24466,0.9178689
24467,0.37066245
24468,0.97509855
24469,0.98185974
24470,0.73019445
24471,0.741537
24472,0.9844222
24473,0.9925196
24474,0.90414417
24475,0.99054563
24476,0.9981792
24477,0.3984591
24478,0.99177706
24479,0.7210677
24480,0.22721784
24481,0.9689864
24482,0.7279497
24483,0.8056115
24484,0.9353419
24485,0.2927515
24486,0.9796769
24487,0.6490676
24488,0.8929353
24489,0.72421527
24490,0.99093515
24491,0.5452858
24492,0.37462577
24493,0.9992532
24494,0.9811414
24495,0.7102437
24496,0.88675684
24497,0.2445721
24498,0.90647614
24499,0.9698799
24500,0.99639314
24501,0.020815192
24502,0.8250164
24503,0.40050334
24504,0.7400296
24505,0.6095795
24506,0.99371344
24507,0.66316915
24508,0.71390283
24509,0.8813359
24510,0.96689934
24511,0.5020506
24512,0.9965753
24513,0.7571218
24514,0.58282876
24515,0.96433175
24516,0.6343044
24517,0.8335781
24518,0.9483158
24519,0.9988115
24520,0.9917339
24521,0.92895585
24522,0.7904109
24523,0.856941
24524,0.9801732
24525,0.99538416
24526,0.91490847
24527,0.9942515
24528,0.821481
24529,0.9765463
24530,0.88375723
24531,0.9869888
24532,0.4569577
24533,0.9976973
24534,0.88134533
24535,0.92436534
24536,0.5825291
24537,0.1628473
24538,0.8397142
24539,0.6103788
24540,0.8441962
24541,0.6469781
24542,0.2659488
24543,0.659127
24544,0.59443384
24545,0.3998941
24546,0.5460615
24547,0.89070725
24548,0.84329987
24549,0.9981444
24550,0.94834495
24551,0.41464612
24552,0.50982803
24553,0.96108836
24554,0.4800149
24555,0.9870461
24556,0.8564095
24557,0.1424457
24558,0.5760558
24559,0.8790418
24560,0.91139835
24561,0.55773884
24562,0.99244666
24563,0.87331325
24564,0.8008115
24565,0.7106038
24566,0.9210456
24567,0.65934217
24568,0.9773997
24569,0.8206554
24570,0.9600614
24571,0.99787414
24572,0.94377136
24573,0.9953377
24574,0.90353143
24575,0.89060956
24576,0.89184296
24577,0.99454296
24578,0.9223276
24579,0.99764735
24580,0.951082
24581,0.9410525
24582,0.91249233
24583,0.98997355
24584,0.99217105
24585,0.36914924
24586,0.9570127
24587,0.6443066
24588,0.9468685
24589,0.9940784
24590,0.784104
24591,0.9161832
24592,0.97291994
24593,0.8041528
24594,0.97573155
24595,0.689347
24596,0.8109512
24597,0.99436414
24598,0.61038405
24599,0.25707254
24600,0.959364
24601,0.64281774
24602,0.967315
24603,0.9832811
24604,0.9920998
24605,0.9911402
24606,0.9906729
24607,0.90176696
24608,0.34626552
24609,0.9636572
24610,0.19715221
24611,0.69076437
24612,0.6425092
24613,0.9908923
24614,0.71567506
24615,0.9790992
24616,0.42574912
24617,0.8809108
24618,0.9788198
24619,0.8023191
24620,0.6897742
24621,0.8497507
24622,0.9687071
24623,0.81637377
24624,0.975043
24625,0.962185
24626,0.88142294
24627,0.4893468
24628,0.7969888
24629,0.97204316
24630,0.9968059
24631,0.9686104
24632,0.9989361
24633,0.80215895
24634,0.99177986
24635,0.45527768
24636,0.48639378
24637,0.9320725
24638,0.5494876
24639,0.8935342
24640,0.48133788
24641,0.9825256
24642,0.9984775
24643,0.88741976
24644,0.017938191
24645,0.9986745
24646,0.78391206
24647,0.8211991
24648,0.99584925
24649,0.86751634
24650,0.9944195
24651,0.97313607
24652,0.56277883
24653,0.6692271
24654,0.9942034
24655,0.9978777
24656,0.98702675
24657,0.99483204
24658,0.8724195
24659,0.98586255
24660,0.896726
24661,0.9366321
24662,0.89463264
24663,0.7282008
24664,0.9982864
24665,0.74848604
24666,0.919897
24667,0.93592304
24668,0.12716015
24669,0.8886949
24670,0.8187564
24671,0.9947661
24672,0.42429116
24673,0.97417235
24674,0.41882977
24675,0.36875927
24676,0.60162646
24677,0.9879326
24678,0.99127394
24679,0.4190658
24680,0.10181089
24681,0.9697916
24682,0.6451509
24683,0.996338
24684,0.85691315
24685,0.9669407
24686,0.93599206
24687,0.7483056
24688,0.9891376
24689,0.80316496
24690,0.94482374
24691,0.99706715
24692,0.7215139
24693,0.5671676
24694,0.94887817
24695,0.9991425
24696,0.9592221
24697,0.99261296
24698,0.5314968
24699,0.76832616
24700,0.9611509
24701,0.9831508
24702,0.9891366
24703,0.7033768
24704,0.7681963
24705,0.9737567
24706,0.69458216
24707,0.98785144
24708,0.9752687
24709,0.99276066
24710,0.82041526
24711,0.9186102
24712,0.9046687
24713,0.86338395
24714,0.8048486
24715,0.99067944
24716,0.9845785
24717,0.025770796
24718,0.7290233
24719,0.9397938
24720,0.9078915
24721,0.99443924
24722,0.92079365
24723,0.9282117
24724,0.92105013
24725,0.05373829
24726,0.8871634
24727,0.99426126
24728,0.9906035
24729,0.77746737
24730,0.92165023
24731,0.8844726
24732,0.98939043
24733,0.8001299
24734,0.72372174
24735,0.6885593
24736,0.8694715
24737,0.57973903
24738,0.82086086
24739,0.97847205
24740,0.27896684
24741,0.6540316
24742,0.69682956
24743,0.99429226
24744,0.70151454
24745,0.46672785
24746,0.5247985
24747,0.7372989
24748,0.8438429
24749,0.99180365
24750,0.018481437
24751,0.99744475
24752,0.97801614
24753,0.6614445
24754,0.86838496
24755,0.8319164
24756,0.9467023
24757,0.68616164
24758,0.9566241
24759,0.61982596
24760,0.92615527
24761,0.99314755
24762,0.8832901
24763,0.9924871
24764,0.9846427
24765,0.9056413
24766,0.6906648
24767,0.8814249
24768,0.88833547
24769,0.97028035
24770,0.27351916
24771,0.6982501
24772,0.8389482
24773,0.9635224
24774,0.98795706
24775,0.9687487
24776,0.90189177
24777,0.99425477
24778,0.7934163
24779,0.98048705
24780,0.9948571
24781,0.9924044
24782,0.29529002
24783,0.93045115
24784,0.98104054
24785,0.5566905
24786,0.98133755
24787,0.9947442
24788,0.4210799
24789,0.9237904
24790,0.90968287
24791,0.6046419
24792,0.76524526
24793,0.84478647
24794,0.84045935
24795,0.8637535
24796,0.99964845
24797,0.9815979
24798,0.9988844
24799,0.9952101
24800,0.77122015
24801,0.97310036
24802,0.97634095
24803,0.3669595
24804,0.99079204
24805,0.6309983
24806,0.98616
24807,0.90178376
24808,0.9919084
24809,0.7617684
24810,0.9663078
24811,0.9772232
24812,0.5737878
24813,0.98436695
24814,0.99468035
24815,0.5660806
24816,0.9926818
24817,0.97024566
24818,0.9738152
24819,0.9219833
24820,0.2680949
24821,0.6307025
24822,0.9995895
24823,0.536189
24824,0.9975418
24825,0.43076354
24826,0.8119549
24827,0.97046316
24828,0.99642366
24829,0.9853982
24830,0.9433352
24831,0.86269367
24832,0.9953967
24833,0.8174465
24834,0.9905468
24835,0.875383
24836,0.7544205
24837,0.9034238
24838,0.9609228
24839,0.96623003
24840,0.66667426
24841,0.88869846
24842,0.64327776
24843,0.73866695
24844,0.37730843
24845,0.015408115
24846,0.58358216
24847,0.99709
24848,0.91727036
24849,0.99585694
24850,0.86192167
24851,0.9784742
24852,0.8809237
24853,0.9637017
24854,0.9794932
24855,0.6887671
24856,0.008224184
24857,0.88143146
24858,0.996036
24859,0.62713426
24860,0.66967064
24861,0.63482463
24862,0.9190636
24863,0.5480916
24864,0.99556834
24865,0.41385666
24866,0.9976205
24867,0.90525484
24868,0.91801196
24869,0.95837015
24870,0.45513865
24871,0.6305508
24872,0.5639523
24873,0.9297269
24874,0.4479844
24875,0.5269333
24876,0.8347105
24877,0.87815225
24878,0.89917254
24879,0.9828083
24880,0.9946613
24881,0.97180307
24882,0.5193685
24883,0.75766087
24884,0.24354547
24885,0.7697581
24886,0.9179771
24887,0.8117234
24888,0.99138665
24889,0.9537758
24890,0.89564383
24891,0.9558132
24892,0.7495011
24893,0.6614228
24894,0.77434206
24895,0.84781295
24896,0.80779606
24897,0.99671173
24898,0.939718
24899,0.9505103
24900,0.6887244
24901,0.727849
24902,0.9942694
24903,0.9954792
24904,0.99888235
24905,0.757039
24906,0.8681394
24907,0.9977035
24908,0.9925079
24909,0.35344687
24910,0.45370835
24911,0.9723636
24912,0.9885944
24913,0.989175
24914,0.98342115
24915,0.3671419
24916,0.9792382
24917,0.9606805
24918,0.99003905
24919,0.9986279
24920,0.98784167
24921,0.9923949
24922,0.9369181
24923,0.69641995
24924,0.99019146
24925,0.5845016
24926,0.7048631
24927,0.8789538
24928,0.74441624
24929,0.99512273
24930,0.5772758
24931,0.74532807
24932,0.9309414
24933,0.9977841
24934,0.5346879
24935,0.95586926
24936,0.58458555
24937,0.9838864
24938,0.7894327
24939,0.7206506
24940,0.9464778
24941,0.9597527
24942,0.9904992
24943,0.96926457
24944,0.25423864
24945,0.9893911
24946,0.012712799
24947,0.8975654
24948,0.80127394
24949,0.9528093
24950,0.622264
24951,0.815511
24952,0.69251883
24953,0.89242667
24954,0.748661
24955,0.98598194
24956,0.7183932
24957,0.68842
24958,0.83720464
24959,0.9473884
24960,0.7122569
24961,0.9659778
24962,0.99847394
24963,0.92878944
24964,0.97732747
24965,0.90954226
24966,0.67418045
24967,0.19570364
24968,0.7037034
24969,0.6033477
24970,0.34698087
24971,0.7499277
24972,0.21766911
24973,0.9613102
24974,0.3728449
24975,0.7018472
24976,0.83497256
24977,0.8124065
24978,0.89994615
24979,0.7946736
24980,0.9628659
24981,0.9972675
24982,0.64989066
24983,0.9967566
24984,0.993345
24985,0.75279254
24986,0.9639595
24987,0.87301713
24988,0.97440594
24989,0.7748296
24990,0.38261628
24991,0.5598188
24992,0.91206694
24993,0.08529774
24994,0.8406761
24995,0.9855312
24996,0.5675156
24997,0.96858996
24998,0.9820227
24999,0.3247379
25000,0.9634218
25001,0.98773605
25002,0.43747565
25003,0.9795745
25004,0.87726647
25005,0.014105859
25006,0.9631525
25007,0.89598626
25008,0.5623314
25009,0.7106222
25010,0.65308
25011,0.99479526
25012,0.6576746
25013,0.90734994
25014,0.25159082
25015,0.6833339
25016,0.94437253
25017,0.5986499
25018,0.9437877
25019,0.99663264
25020,0.17746456
25021,0.897127
25022,0.97351056
25023,0.5669114
25024,0.7066765
25025,0.7933146
25026,0.6071775
25027,0.9922626
25028,0.65213203
25029,0.84630173
25030,0.49904612
25031,0.9804207
25032,0.94512784
25033,0.9964631
25034,0.8521201
25035,0.72036016
25036,0.95290416
25037,0.9873224
25038,0.70256734
25039,0.7688398
25040,0.98588955
25041,0.99484044
25042,0.101962626
25043,0.5349888
25044,0.9791589
25045,0.9868002
25046,0.99231154
25047,0.97111285
25048,0.44146433
25049,0.5957612
25050,0.8446985
25051,0.9908903
25052,0.9458444
25053,0.8433949
25054,0.8031945
25055,0.98971295
25056,0.69641393
25057,0.9951304
25058,0.7475785
25059,0.9922477
25060,0.8349303
25061,0.8506482
25062,0.81098926
25063,0.8483652
25064,0.8751816
25065,0.9979923
25066,0.98318374
25067,0.9930767
25068,0.75707394
25069,0.9760744
25070,0.6768519
25071,0.36513448
25072,0.80411625
25073,0.9978788
25074,0.8958588
25075,0.7374517
25076,0.13465977
25077,0.03324373
25078,0.61021996
25079,0.67297685
25080,0.25381252
25081,0.5649156
25082,0.6974352
25083,0.6867577
25084,0.9166179
25085,0.6573885
25086,0.8259839
25087,0.9442964
25088,0.86160475
25089,0.5277408
25090,0.6538473
25091,0.6609755
25092,0.90792316
25093,0.99210185
25094,0.7895836
25095,0.9935109
25096,0.9940322
25097,0.99436885
25098,0.43984655
25099,0.89866346
25100,0.3098081
25101,0.6970735
25102,0.4415701
25103,0.956133
25104,0.99285793
25105,0.5025595
25106,0.005496944
25107,0.91402334
25108,0.74399185
25109,0.995059
25110,0.49190676
25111,0.5317169
25112,0.88169754
25113,0.7722637
25114,0.9946984
25115,0.99911016
25116,0.97368
25117,0.68615764
25118,0.8783553
25119,0.003692953
25120,0.9843091
25121,0.84636354
25122,0.9927918
25123,0.32121643
25124,0.9227527
25125,0.58915585
25126,0.982137
25127,0.7983454
25128,0.9888877
25129,0.9950199
25130,0.95606893
25131,0.3477951
25132,0.2183699
25133,0.80357516
25134,0.89672744
25135,0.9842619
25136,0.5455689
25137,0.9770931
25138,0.9863848
25139,0.9929241
25140,0.95396423
25141,0.9472848
25142,0.9653548
25143,0.84103405
25144,0.773781
25145,0.89688647
25146,0.95955104
25147,0.9478788
25148,0.97759205
25149,0.8237208
25150,0.92288303
25151,0.015068084
25152,0.70944524
25153,0.9936846
25154,0.99635977
25155,0.18030618
25156,0.95876443
25157,0.9069288
25158,0.99364704
25159,0.019287217
25160,0.966241
25161,0.403509
25162,0.75389415
25163,0.87911004
25164,0.89208984
25165,0.96148205
25166,0.5256264
25167,0.8943099
25168,0.73170996
25169,0.9871913
25170,0.74121654
25171,0.9919565
25172,0.7542686
25173,0.08431312
25174,0.99722254
25175,0.905434
25176,0.9439912
25177,0.84165853
25178,0.7473813
25179,0.98557067
25180,0.57819664
25181,0.86282355
25182,0.7123951
25183,0.8213112
25184,0.43584085
25185,0.98448724
25186,0.9028974
25187,0.99174833
25188,0.81409013
25189,0.24773616
25190,0.8790225
25191,0.9916823
25192,0.99660313
25193,0.98413336
25194,0.6878389
25195,0.9908642
25196,0.9920244
25197,0.9763423
25198,0.9790182
25199,0.3902523
25200,0.29226902
25201,0.33445284
25202,0.86398435
25203,0.4823213
25204,0.96926916
25205,0.9949431
25206,0.9908963
25207,0.9102299
25208,0.98695564
25209,0.9926968
25210,0.83913285
25211,0.8217546
25212,0.78065586
25213,0.9925545
25214,0.82495797
25215,0.9517698
25216,0.8887062
25217,0.61291903
25218,0.9628346
25219,0.41773647
25220,0.98879063
25221,0.44972032
25222,0.94637424
25223,0.9953296
25224,0.9868249
25225,0.016184883
25226,0.9544315
25227,0.9795247
25228,0.756062
25229,0.6252588
25230,0.76747
25231,0.9948318
25232,0.7986806
25233,0.9230999
25234,0.97724664
25235,0.97369576
25236,0.99209374
25237,0.8150429
25238,0.99633276
25239,0.91301507
25240,0.2895361
25241,0.68408144
25242,0.68128335
25243,0.9957962
25244,0.96306366
25245,0.99674976
25246,0.93431437
25247,0.5007552
25248,0.67924577
25249,0.96793437
25250,0.8723731
25251,0.7157858
25252,0.9251292
25253,0.95316124
25254,0.9766085
25255,0.9676692
25256,0.49953517
25257,0.18577337
25258,0.9861389
25259,0.9722412
25260,0.8800474
25261,0.5716723
25262,0.99808854
25263,0.9234475
25264,0.8602857
25265,0.9284011
25266,0.7752632
25267,0.87097406
25268,0.9536444
25269,0.9992449
25270,0.88256145
25271,0.95438546
25272,0.80307585
25273,0.7823026
25274,0.9920089
25275,0.9939673
25276,0.42066413
25277,0.99504906
25278,0.8963016
25279,0.82628953
25280,0.9954697
25281,0.42437086
25282,0.957342
25283,0.83794975
25284,0.8643532
25285,0.98287845
25286,0.9168125
25287,0.8392249
25288,0.97457993
25289,0.9877742
25290,0.2928583
25291,0.5960105
25292,0.77605385
25293,0.7929213
25294,0.8345409
25295,0.9758757
25296,0.89267045
25297,0.88527626
25298,0.9646944
25299,0.8611989
25300,0.99289215
25301,0.99283123
25302,0.92217904
25303,0.9792044
25304,0.7418556
25305,0.9465014
25306,0.98139036
25307,0.020409847
25308,0.9499295
25309,0.53283864
25310,0.68040365
25311,0.9488603
25312,0.99346715
25313,0.97561693
25314,0.49825498
25315,0.88728976
25316,0.9361079
25317,0.876993
25318,0.22405154
25319,0.82522583
25320,0.41545472
25321,0.9349997
25322,0.998623
25323,0.39474446
25324,0.63252497
25325,0.9514483
25326,0.95072347
25327,0.6774582
25328,0.80172515
25329,0.9528313
25330,0.88338035
25331,0.9278748
25332,0.92820275
25333,0.8619404
25334,0.95089746
25335,0.92409915
25336,0.46630237
25337,0.48733452
25338,0.7233143
25339,0.9570745
25340,0.97413653
25341,0.22972304
25342,0.8160944
25343,0.5159827
25344,0.8757267
25345,0.9064239
25346,0.9977119
25347,0.30382496
25348,0.40707985
25349,0.0033380315
25350,0.8099027
25351,0.9541256
25352,0.9972045
25353,0.9014239
25354,0.58854395
25355,0.8305207
25356,0.5986221
25357,0.37902078
25358,0.9883493
25359,0.97312814
25360,0.84306616
25361,0.9842271
25362,0.9885926
25363,0.8764705
25364,0.21045843
25365,0.88896275
25366,0.97642744
25367,0.92216504
25368,0.308546
25369,0.99759537
25370,0.6879906
25371,0.8077193
25372,0.5347424
25373,0.75806093
25374,0.84259456
25375,0.98594046
25376,0.99208575
25377,0.96895635
25378,0.9896187
25379,0.40302572
25380,0.46423677
25381,0.9801587
25382,0.96529317
25383,0.99704355
25384,0.75031155
25385,0.94149286
25386,0.9819452
25387,0.9845562
25388,0.8586097
25389,0.8205959
25390,0.77169764
25391,0.57492346
25392,0.98246187
25393,0.69872993
25394,0.99882036
25395,0.8430937
25396,0.80770105
25397,0.2755064
25398,0.9928155
25399,0.015568665
25400,0.89643544
25401,0.99734265
25402,0.9946569
25403,0.9954737
25404,0.6749915
25405,0.5167967
25406,0.9875163
25407,0.9946571
25408,0.26507434
25409,0.9619714
25410,0.94959736
25411,0.99744105
25412,0.86301655
25413,0.93580943
25414,0.9602949
25415,0.8108028
25416,0.98251826
25417,0.65491796
25418,0.7487609
25419,0.82099843
25420,0.96787953
25421,0.75411844
25422,0.9144409
25423,0.8174393
25424,0.62120086
25425,0.44779107
25426,0.74361527
25427,0.9785719
25428,0.89638466
25429,0.9903993
25430,0.97715044
25431,0.7742951
25432,0.7399783
25433,0.9910047
25434,0.95684737
25435,0.79682803
25436,0.9985728
25437,0.99756503
25438,0.9075712
25439,0.8108025
25440,0.9951321
25441,0.9384743
25442,0.97356105
25443,0.91093665
25444,0.98981655
25445,0.99237084
25446,0.5593001
25447,0.8752279
25448,0.7973228
25449,0.78833985
25450,0.44899607
25451,0.9919258
25452,0.29805118
25453,0.9245705
25454,0.771884
25455,0.39259043
25456,0.8635993
25457,0.8822435
25458,0.8195658
25459,0.93220305
25460,0.99171937
25461,0.99404955
25462,0.7070104
25463,0.8777453
25464,0.68278855
25465,0.9874155
25466,0.99710685
25467,0.79255056
25468,0.8749863
25469,0.6031831
25470,0.99904186
25471,0.8076459
25472,0.51850754
25473,0.99392116
25474,0.46078584
25475,0.738131
25476,0.8825099
25477,0.9121827
25478,0.93399847
25479,0.7267738
25480,0.9455385
25481,0.9937937
25482,0.98871124
25483,0.8119549
25484,0.9931265
25485,0.6803025
25486,0.9908297
25487,0.9019849
25488,0.987465
25489,0.95482147
25490,0.9835798
25491,0.053930935
25492,0.9856221
25493,0.91285324
25494,0.40460393
25495,0.973315
25496,0.3635626
25497,0.64366716
25498,0.9946877
25499,0.9351293
25500,0.8287006
25501,0.9912122
25502,0.9978739
25503,0.9981658
25504,0.76831686
25505,0.9145301
25506,0.9839654
25507,0.70536536
25508,0.9967344
25509,0.7635896
25510,0.9033798
25511,0.6374073
25512,0.53325665
25513,0.99598026
25514,0.99770314
25515,0.9427221
25516,0.61213857
25517,0.96812826
25518,0.6977748
25519,0.99247956
25520,0.98366576
25521,0.6319399
25522,0.99472225
25523,0.21563622
25524,0.81747574
25525,0.75433403
25526,0.8160928
25527,0.9991523
25528,0.71236515
25529,0.7717478
25530,0.85263115
25531,0.7882858
25532,0.57766694
25533,0.99804485
25534,0.99671507
25535,0.8070472
25536,0.9953461
25537,0.39668167
25538,0.9895858
25539,0.77378273
25540,0.9896583
25541,0.7774922
25542,0.6984739
25543,0.7440145
25544,0.8825072
25545,0.4226722
25546,0.49855673
25547,0.9652546
25548,0.89146763
25549,0.86156857
25550,0.99455357
25551,0.84414583
25552,0.84911025
25553,0.9944936
25554,0.47722644
25555,0.99171597
25556,0.9822673
25557,0.8973317
25558,0.99569976
25559,0.6716598
25560,0.585074
25561,0.5959796
25562,0.95592666
25563,0.85591316
25564,0.20577365
25565,0.7631922
25566,0.99527246
25567,0.73152286
25568,0.82125604
25569,0.9355306
25570,0.63889945
25571,0.8419363
25572,0.5056625
25573,0.98068076
25574,0.9491131
25575,0.66018546
25576,0.98900324
25577,0.62687606
25578,0.87082386
25579,0.28118098
25580,0.9876916
25581,0.54098445
25582,0.6936226
25583,0.9744528
25584,0.80637044
25585,0.45902783
25586,0.76745886
25587,0.7086671
25588,0.79748565
25589,0.91821486
25590,0.97969246
25591,0.9448155
25592,0.7774976
25593,0.7337769
25594,0.8486042
25595,0.9916482
25596,0.91076356
25597,0.46538705
25598,0.97936785
25599,0.9963909
25600,0.747782
25601,0.7077424
25602,0.99724007
25603,0.9927326
25604,0.6599318
25605,0.6716295
25606,0.847547
25607,0.8166298
25608,0.9978174
25609,0.8599936
25610,0.87046087
25611,0.9334431
25612,0.59475935
25613,0.9967092
25614,0.82409
25615,0.9988361
25616,0.8509887
25617,0.9090507
25618,0.98995626
25619,0.7110865
25620,0.7733831
25621,0.9592778
25622,0.71582806
25623,0.9940148
25624,0.9188824
25625,0.50201386
25626,0.92468345
25627,0.98131037
25628,0.74169
25629,0.96980417
25630,0.7513471
25631,0.5364645
25632,0.9961265
25633,0.5192206
25634,0.7748113
25635,0.59220266
25636,0.84249747
25637,0.99693286
25638,0.99390805
25639,0.98244065
25640,0.74335676
25641,0.7907716
25642,0.9572422
25643,0.96007
25644,0.99961865
25645,0.99504685
25646,0.986725
25647,0.9293586
25648,0.9887107
25649,0.89088106
25650,0.871621
25651,0.9737061
25652,0.99772257
25653,0.52753896
25654,0.81962657
25655,0.94998664
25656,0.9439486
25657,0.9280981
25658,0.981779
25659,0.6837894
25660,0.7918752
25661,0.92979795
25662,0.9958866
25663,0.97692215
25664,0.93476653
25665,0.86430234
25666,0.99712247
25667,0.72411114
25668,0.99122226
25669,0.78903073
25670,0.9299783
25671,0.87543756
25672,0.22536418
25673,0.7207094
25674,0.996269
25675,0.8926738
25676,0.9785971
25677,0.99559516
25678,0.899272
25679,0.6092041
25680,0.9356175
25681,0.98326635
25682,0.8970601
25683,0.9768933
25684,0.99781114
25685,0.96965784
25686,0.9308774
25687,0.9960069
25688,0.519172
25689,0.97838527
25690,0.9828263
25691,0.94820946
25692,0.9734581
25693,0.99158996
25694,0.9949797
25695,0.9917857
25696,0.9508496
25697,0.9974438
25698,0.99032545
25699,0.021811824
25700,0.97815245
25701,0.9860553
25702,0.44003457
25703,0.98756856
25704,0.9868014
25705,0.9927751
25706,0.9953076
25707,0.91709745
25708,0.9453475
25709,0.9925747
25710,0.9303614
25711,0.77410686
25712,0.92204946
25713,0.92247564
25714,0.7148826
25715,0.958569
25716,0.9987488
25717,0.9508444
25718,0.89732146
25719,0.7338878
25720,0.81804657
25721,0.97188693
25722,0.7967905
25723,0.030944893
25724,0.905181
25725,0.9660972
25726,0.50834644
25727,0.9608454
25728,0.86462915
25729,0.78787
25730,0.42473707
25731,0.99327254
25732,0.9976413
25733,0.76111543
25734,0.9468566
25735,0.9265444
25736,0.79916966
25737,0.9581082
25738,0.79116374
25739,0.98962563
25740,0.42441317
25741,0.2448137
25742,0.68376243
25743,0.46418795
25744,0.36496577
25745,0.88310033
25746,0.92516804
25747,0.5614007
25748,0.98911077
25749,0.6111431
25750,0.99110645
25751,0.99232376
25752,0.2954169
25753,0.5576134
25754,0.77044415
25755,0.71104085
25756,0.9933776
25757,0.6409574
25758,0.99205047
25759,0.9887134
25760,0.9793109
25761,0.60771656
25762,0.6265971
25763,0.9200858
25764,0.99615306
25765,0.6204307
25766,0.7726595
25767,0.9620015
25768,0.0083704535
25769,0.78030217
25770,0.76762533
25771,0.763551
25772,0.98333114
25773,0.9930259
25774,0.6522996
25775,0.028473286
25776,0.94474393
25777,0.9980129
25778,0.8144205
25779,0.92273915
25780,0.36351535
25781,0.9925296
25782,0.46606708
25783,0.22084373
25784,0.9873334
25785,0.99387866
25786,0.9878278
25787,0.9938419
25788,0.89711225
25789,0.9742115
25790,0.8464346
25791,0.9861755
25792,0.9775573
25793,0.5631955
25794,0.9555771
25795,0.9708294
25796,0.81107163
25797,0.99698514
25798,0.8343073
25799,0.97059834
25800,0.99235886
25801,0.7906885
25802,0.9937109
25803,0.39654568
25804,0.81295204
25805,0.9922726
25806,0.9902102
25807,0.2673008
25808,0.18372153
25809,0.9734753
25810,0.21356721
25811,0.9892643
25812,0.94855714
25813,0.901647
25814,0.9909191
25815,0.91184765
25816,0.7538825
25817,0.79475695
25818,0.9200519
25819,0.70950425
25820,0.9637987
25821,0.98303944
25822,0.3653221
25823,0.84738857
25824,0.9917407
25825,0.22617388
25826,0.6612226
25827,0.8100382
25828,0.9000885
25829,0.9941246
25830,0.48316887
25831,0.9971052
25832,0.006748418
25833,0.89029825
25834,0.19807832
25835,0.8710901
25836,0.9372007
25837,0.6244899
25838,0.9697733
25839,0.9627801
25840,0.76762336
25841,0.99632937
25842,0.55757916
25843,0.35120097
25844,0.89260536
25845,0.3074388
25846,0.987961
25847,0.76293725
25848,0.6112463
25849,0.33421633
25850,0.83220744
25851,0.983817
25852,0.775481
25853,0.7694796
25854,0.8788056
25855,0.94550824
25856,0.7270372
25857,0.6807534
25858,0.79250765
25859,0.9804766
25860,0.48112538
25861,0.4880949
25862,0.72204953
25863,0.9794788
25864,0.98193216
25865,0.83279467
25866,0.9942895
25867,0.99287194
25868,0.64527136
25869,0.63950133
25870,0.96891767
25871,0.02566896
25872,0.80401343
25873,0.9892368
25874,0.69947237
25875,0.9944008
25876,0.9958236
25877,0.9526199
25878,0.9929698
25879,0.8344378
25880,0.48586652
25881,0.36491823
25882,0.9920855
25883,0.89951247
25884,0.7825605
25885,0.99913603
25886,0.8154807
25887,0.9939837
25888,0.9601211
25889,0.9966186
25890,0.9829018
25891,0.6583618
25892,0.76079744
25893,0.7003346
25894,0.9964143
25895,0.73421735
25896,0.9832645
25897,0.9829132
25898,0.9832455
25899,0.9624426
25900,0.9476279
25901,0.9522923
25902,0.32202145
25903,0.25323614
25904,0.9276451
25905,0.55201113
25906,0.399926
25907,0.9328973
25908,0.9835608
25909,0.7808432
25910,0.9938685
25911,0.9840169
25912,0.48593852
25913,0.9339452
25914,0.8901321
25915,0.8962144
25916,0.9957573
25917,0.94692534
25918,0.6028111
25919,0.75374347
25920,0.9944067
25921,0.60804266
25922,0.90868455
25923,0.80546635
25924,0.9791743
25925,0.9979845
25926,0.6698573
25927,0.94289523
25928,0.70346826
25929,0.3055755
25930,0.96734655
25931,0.94983506
25932,0.9807725
25933,0.99298495
25934,0.76329136
25935,0.90448546
25936,0.97057503
25937,0.9937391
25938,0.88557535
25939,0.65105116
25940,0.78192365
25941,0.5510762
25942,0.98457474
25943,0.9833023
25944,0.68641245
25945,0.6040887
25946,0.6327594
25947,0.76409346
25948,0.99869543
25949,0.6431414
25950,0.8352721
25951,0.9782528
25952,0.9788688
25953,0.92294943
25954,0.9727419
25955,0.9956351
25956,0.9913157
25957,0.88290006
25958,0.64538425
25959,0.9972596
25960,0.9922395
25961,0.65191734
25962,0.05284972
25963,0.62121475
25964,0.49058425
25965,0.9803372
25966,0.5750519
25967,0.80513823
25968,0.6633062
25969,0.8233206
25970,0.89185435
25971,0.99289626
25972,0.99009377
25973,0.78173935
25974,0.5072392
25975,0.8945426
25976,0.38587928
25977,0.9060218
25978,0.82181865
25979,0.89495075
25980,0.82581425
25981,0.9642566
25982,0.29683205
25983,0.8902689
25984,0.9925938
25985,0.41569892
25986,0.6591202
25987,0.57085603
25988,0.9710952
25989,0.8429257
25990,0.98335004
25991,0.8547741
25992,0.98316056
25993,0.95919925
25994,0.8594349
25995,0.34289145
25996,0.9930097
25997,0.9914233
25998,0.028997269
25999,0.97785723
26000,0.9867778
26001,0.9601957
26002,0.9987847
26003,0.99894375
26004,0.53293484
26005,0.15326306
26006,0.81624985
26007,0.98684454
26008,0.9812402
26009,0.99465585
26010,0.41838732
26011,0.9848076
26012,0.6143878
26013,0.71593076
26014,0.7908166
26015,0.9476872
26016,0.4705951
26017,0.99589854
26018,0.24431826
26019,0.9053515
26020,0.6665496
26021,0.9811809
26022,0.9211218
26023,0.6349243
26024,0.44536725
26025,0.107905075
26026,0.9528211
26027,0.98455447
26028,0.9972107
26029,0.9883633
26030,0.6729467
26031,0.85812247
26032,0.63304883
26033,0.86479104
26034,0.8611359
26035,0.8469025
26036,0.9040029
26037,0.9925721
26038,0.33167896
26039,0.87068623
26040,0.6752039
26041,0.53431964
26042,0.8905299
26043,0.9843689
26044,0.994087
26045,0.58788234
26046,0.03450669
26047,0.69122785
26048,0.98898953
26049,0.9706434
26050,0.55285966
26051,0.8539343
26052,0.890951
26053,0.8889388
26054,0.69340116
26055,0.99437743
26056,0.8275866
26057,0.6822972
26058,0.92964715
26059,0.66180545
26060,0.9849031
26061,0.47536606
26062,0.9979481
26063,0.70408124
26064,0.9744522
26065,0.99221236
26066,0.98284113
26067,0.9969746
26068,0.41739872
26069,0.031066919
26070,0.86181355
26071,0.9993168
26072,0.99618906
26073,0.7035463
26074,0.9563825
26075,0.5813877
26076,0.98195755
26077,0.33262342
26078,0.8618813
26079,0.90706366
26080,0.18421985
26081,0.9802934
26082,0.9737207
26083,0.99445736
26084,0.99920136
26085,0.9078805
26086,0.9058649
26087,0.81868815
26088,0.9880954
26089,0.7285427
26090,0.4382379
26091,0.7717837
26092,0.88935876
26093,0.9201341
26094,0.94594145
26095,0.9961563
26096,0.857416
26097,0.80361795
26098,0.0037829806
26099,0.9394149
26100,0.94983536
26101,0.9544835
26102,0.86168706
26103,0.89355505
26104,0.7536395
26105,0.98319477
26106,0.3569726
26107,0.9986695
26108,0.64589244
26109,0.69754934
26110,0.021212896
26111,0.6576248
26112,0.97972304
26113,0.99701023
26114,0.9584271
26115,0.79606414
26116,0.99181247
26117,0.8591101
26118,0.975541
26119,0.8726513
26120,0.8839818
26121,0.96810764
26122,0.99413884
26123,0.9807444
26124,0.7156382
26125,0.8755607
26126,0.5897573
26127,0.8015157
26128,0.5795998
26129,0.016109683
26130,0.002039306
26131,0.70319915
26132,0.6789133
26133,0.9536829
26134,0.761788
26135,0.7321891
26136,0.92196226
26137,0.74101484
26138,0.9975222
26139,0.94219387
26140,0.97630835
26141,0.5481379
26142,0.9048741
26143,0.6047678
26144,0.971244
26145,0.7301928
26146,0.9588574
26147,0.66705877
26148,0.8926375
26149,0.7324081
26150,0.7990024
26151,0.95377296
26152,0.28731138
26153,0.98276055
26154,0.9632073
26155,0.9941995
26156,0.74403965
26157,0.9943942
26158,0.99569064
26159,0.47398573
26160,0.9852937
26161,0.9907115
26162,0.8385818
26163,0.94394267
26164,0.7387242
26165,0.97888374
26166,0.9473838
26167,0.9346782
26168,0.9861391
26169,0.9826125
26170,0.865304
26171,0.98891723
26172,0.99270356
26173,0.9915114
26174,0.7604964
26175,0.87969834
26176,0.99228066
26177,0.59722847
26178,0.59872204
26179,0.9962441
26180,0.019799141
26181,0.97288054
26182,0.93307966
26183,0.5475905
26184,0.186488
26185,0.9954542
26186,0.7687668
26187,0.68973565
26188,0.57526475
26189,0.2599182
26190,0.5465095
26191,0.97762316
26192,0.9323312
26193,0.97994095
26194,0.9791789
26195,0.9773446
26196,0.7634423
26197,0.75724345
26198,0.9454454
26199,0.7837753
26200,0.98743045
26201,0.9455588
26202,0.18209766
26203,0.98667055
26204,0.868055
26205,0.64344805
26206,0.9911327
26207,0.9961475
26208,0.79299325
26209,0.6276751
26210,0.99005896
26211,0.9967249
26212,0.9408447
26213,0.99481285
26214,0.40994957
26215,0.5977949
26216,0.4220141
26217,0.60732275
26218,0.8445399
26219,0.96181136
26220,0.99780554
26221,0.363229
26222,0.8613212
26223,0.6839124
26224,0.8466991
26225,0.9851306
26226,0.96795684
26227,0.8383182
26228,0.96396613
26229,0.10213719
26230,0.83802044
26231,0.786353
26232,0.9941247
26233,0.48809758
26234,0.73104894
26235,0.45408627
26236,0.85632104
26237,0.9830547
26238,0.99738723
26239,0.8281685
26240,0.1683862
26241,0.9457606
26242,0.34842697
26243,0.8038997
26244,0.9985409
26245,0.99008185
26246,0.90395284
26247,0.8761047
26248,0.98407274
26249,0.89574355
26250,0.9469094
26251,0.89247936
26252,0.870332
26253,0.9013792
26254,0.9342732
26255,0.75505173
26256,0.9966007
26257,0.779576
26258,0.9934145
26259,0.9841925
26260,0.65302765
26261,0.98445684
26262,0.9832133
26263,0.7117266
26264,0.17436948
26265,0.74693906
26266,0.9092467
26267,0.63764215
26268,0.8779815
26269,0.9981121
26270,0.99200714
26271,0.9984723
26272,0.34346408
26273,0.97995687
26274,0.9916437
26275,0.58160275
26276,0.875282
26277,0.89880645
26278,0.91160464
26279,0.9182557
26280,0.86223036
26281,0.9640046
26282,0.98725766
26283,0.9860875
26284,0.59521186
26285,0.99774086
26286,0.9125704
26287,0.59818757
26288,0.9883428
26289,0.9546877
26290,0.990131
26291,0.9924035
26292,0.9382818
26293,0.772426
26294,0.8867143
26295,0.95053047
26296,0.75259525
26297,0.97235805
26298,0.7117361
26299,0.7785699
26300,0.9982698
26301,0.5178045
26302,0.86620766
26303,0.9870047
26304,0.32370174
26305,0.5716359
26306,0.5358191
26307,0.9782944
26308,0.9936963
26309,0.64058775
26310,0.63188756
26311,0.4908831
26312,0.9777664
26313,0.63058466
26314,0.841898
26315,0.9364741
26316,0.8982121
26317,0.26653072
26318,0.92225873
26319,0.49364486
26320,0.877629
26321,0.94347936
26322,0.9975593
26323,0.9370803
26324,0.77384096
26325,0.0078446735
26326,0.81422055
26327,0.99220335
26328,0.49118334
26329,0.7603563
26330,0.9813362
26331,0.9883012
26332,0.5635069
26333,0.9226779
26334,0.7420553
26335,0.7674114
26336,0.99582785
26337,0.94840974
26338,0.7970404
26339,0.94103354
26340,0.8186172
26341,0.9901772
26342,0.99856925
26343,0.81351185
26344,0.7224186
26345,0.9759209
26346,0.98430115
26347,0.5914039
26348,0.8404917
26349,0.95380783
26350,0.02250639
26351,0.36335453
26352,0.5639477
26353,0.9942297
26354,0.9943634
26355,0.96818036
26356,0.51764834
26357,0.9792614
26358,0.9829116
26359,0.8851287
26360,0.00532693
26361,0.7431515
26362,0.602161
26363,0.82983065
26364,0.8088771
26365,0.94576114
26366,0.8227393
26367,0.5907175
26368,0.6364637
26369,0.9508015
26370,0.40280816
26371,0.99355304
26372,0.90427786
26373,0.9400963
26374,0.8826803
26375,0.8734004
26376,0.12588932
26377,0.7827429
26378,0.98680925
26379,0.19191931
26380,0.99850106
26381,0.9969687
26382,0.38432768
26383,0.6629311
26384,0.599428
26385,0.35684693
26386,0.4549699
26387,0.74456656
26388,0.9899917
26389,0.7004977
26390,0.989521
26391,0.98149955
26392,0.9971777
26393,0.65665627
26394,0.9830188
26395,0.6627661
26396,0.9655893
26397,0.8704284
26398,0.52556866
26399,0.98421705
26400,0.63581765
26401,0.98682505
26402,0.8288458
26403,0.890567
26404,0.25840685
26405,0.87276375
26406,0.9318015
26407,0.96075505
26408,0.96367323
26409,0.82199174
26410,0.966314
26411,0.64701873
26412,0.99902916
26413,0.99642295
26414,0.981441
26415,0.2102185
26416,0.77558345
26417,0.5220391
26418,0.865559
26419,0.96782804
26420,0.3379908
26421,0.9673355
26422,0.87649596
26423,0.9742545
26424,0.75906193
26425,0.7342154
26426,0.98532075
26427,0.96165776
26428,0.98628217
26429,0.721382
26430,0.88832027
26431,0.5204817
26432,0.99079096
26433,0.9607691
26434,0.6823017
26435,0.15183315
26436,0.37439695
26437,0.8704728
26438,0.6487339
26439,0.6487609
26440,0.9956792
26441,0.83986914
26442,0.6082201
26443,0.8232806
26444,0.8230624
26445,0.9826522
26446,0.999159
26447,0.68631893
26448,0.81141037
26449,0.99719006
26450,0.78675556
26451,0.93393886
26452,0.99297285
26453,0.9682818
26454,0.9945392
26455,0.9910653
26456,0.5999488
26457,0.9849711
26458,0.9991054
26459,0.9135801
26460,0.9294437
26461,0.9905087
26462,0.013288541
26463,0.87909716
26464,0.78738177
26465,0.20783001
26466,0.6591161
26467,0.9812423
26468,0.91977274
26469,0.7684729
26470,0.15873784
26471,0.5155798
26472,0.12375547
26473,0.9291137
26474,0.7586611
26475,0.99447316
26476,0.9928912
26477,0.9918229
26478,0.9838626
26479,0.8916106
26480,0.98186594
26481,0.9836879
26482,0.53170663
26483,0.9808388
26484,0.99699104
26485,0.9944107
26486,0.8339412
26487,0.7599416
26488,0.8762502
26489,0.95154065
26490,0.9648111
26491,0.9629092
26492,0.59275293
26493,0.99644476
26494,0.99593216
26495,0.9186575
26496,0.9201287
26497,0.9687793
26498,0.94518065
26499,0.68103147
26500,0.922231
26501,0.98489165
26502,0.74631876
26503,0.863059
26504,0.99700767
26505,0.99077964
26506,0.99177116
26507,0.9567141
26508,0.5614989
26509,0.9987257
26510,0.9626987
26511,0.757316
26512,0.9742318
26513,0.9920919
26514,0.4796847
26515,0.9900193
26516,0.7254313
26517,0.9712007
26518,0.41133112
26519,0.65490437
26520,0.19613162
26521,0.909823
26522,0.6478119
26523,0.45339686
26524,0.0028219793
26525,0.9914569
26526,0.9942887
26527,0.93781143
26528,0.9957046
26529,0.7084608
26530,0.9853496
26531,0.95234823
26532,0.5465783
26533,0.80418813
26534,0.6679834
26535,0.9869855
26536,0.9115371
26537,0.8175658
26538,0.88925064
26539,0.8952838
26540,0.4644101
26541,0.79187125
26542,0.98078835
26543,0.994588
26544,0.9941473
26545,0.7904168
26546,0.97690976
26547,0.972152
26548,0.99632937
26549,0.936112
26550,0.51982695
26551,0.98449546
26552,0.98400784
26553,0.40042728
26554,0.7057891
26555,0.8153966
26556,0.7919551
26557,0.96806484
26558,0.809458
26559,0.7992621
26560,0.34245938
26561,0.9499282
26562,0.037124075
26563,0.9946926
26564,0.95703554
26565,0.8651854
26566,0.9020766
26567,0.007941044
26568,0.9922808
26569,0.18719463
26570,0.91437113
26571,0.8743022
26572,0.97092944
26573,0.97132504
26574,0.89745694
26575,0.9987508
26576,0.98222625
26577,0.9686434
26578,0.98215055
26579,0.75150913
26580,0.9742921
26581,0.994463
26582,0.9957931
26583,0.19998112
26584,0.8490505
26585,0.33090633
26586,0.45497546
26587,0.84106475
26588,0.6329941
26589,0.998216
26590,0.12317343
26591,0.45274726
26592,0.92288244
26593,0.7452503
26594,0.8537193
26595,0.80851334
26596,0.9976151
26597,0.9934815
26598,0.62949175
26599,0.9890618
26600,0.36632302
26601,0.9718256
26602,0.7823291
26603,0.73123413
26604,0.9941881
26605,0.996201
26606,0.9592478
26607,0.6209924
26608,0.9379563
26609,0.9955705
26610,0.8869172
26611,0.9900323
26612,0.9218643
26613,0.99842995
26614,0.99470854
26615,0.55633926
26616,0.95886123
26617,0.7255261
26618,0.74513733
26619,0.5927375
26620,0.8434073
26621,0.46131006
26622,0.83310586
26623,0.65669763
26624,0.9893456
26625,0.9745954
26626,0.96407384
26627,0.89541936
26628,0.82370794
26629,0.9966511
26630,0.99107623
26631,0.819338
26632,0.27070576
26633,0.994655
26634,0.28828675
26635,0.4433307
26636,0.7427921
26637,0.9480033
26638,0.28829345
26639,0.5901382
26640,0.0060283397
26641,0.3883732
26642,0.6609076
26643,0.5369192
26644,0.9085108
26645,0.9333677
26646,0.99644583
26647,0.93605006
26648,0.9934789
26649,0.9944471
26650,0.9147865
26651,0.632214
26652,0.50332254
26653,0.97244185
26654,0.7490086
26655,0.9658088
26656,0.8872564
26657,0.8694012
26658,0.90659606
26659,0.96850085
26660,0.9955024
26661,0.96318007
26662,0.946335
26663,0.92991984
26664,0.43457395
26665,0.03539008
26666,0.98940897
26667,0.78086096
26668,0.8448378
26669,0.9408357
26670,0.7487462
26671,0.9942648
26672,0.879885
26673,0.539251
26674,0.7301353
26675,0.5762818
26676,0.99500436
26677,0.9536403
26678,0.90844125
26679,0.9693104
26680,0.9881005
26681,0.80469674
26682,0.0041773533
26683,0.40292862
26684,0.7219794
26685,0.97462815
26686,0.99613047
26687,0.9387794
26688,0.97052974
26689,0.8564355
26690,0.98606
26691,0.9603212
26692,0.96192056
26693,0.36430505
26694,0.78571695
26695,0.8480259
26696,0.9960424
26697,0.91536427
26698,0.85425436
26699,0.702439
26700,0.90592605
26701,0.9933909
26702,0.33054954
26703,0.8129186
26704,0.97048575
26705,0.9518776
26706,0.9455335
26707,0.18343848
26708,0.92742956
26709,0.9807928
26710,0.9910398
26711,0.9221192
26712,0.87077117
26713,0.98461306
26714,0.9924384
26715,0.9543458
26716,0.9541252
26717,0.9978168
26718,0.9865963
26719,0.6824281
26720,0.9331249
26721,0.44241285
26722,0.9972127
26723,0.8733993
26724,0.9869834
26725,0.99334055
26726,0.9846896
26727,0.97170424
26728,0.969695
26729,0.8761996
26730,0.5477397
26731,0.9763249
26732,0.9255868
26733,0.9396579
26734,0.5875224
26735,0.9912811
26736,0.36936212
26737,0.8938064
26738,0.92713916
26739,0.89613515
26740,0.85881555
26741,0.7987793
26742,0.8177669
26743,0.7829699
26744,0.9351376
26745,0.5773784
26746,0.9949239
26747,0.93443596
26748,0.93531615
26749,0.9877835
26750,0.88255906
26751,0.9802741
26752,0.40665233
26753,0.9684492
26754,0.73590213
26755,0.992622
26756,0.545008
26757,0.79639095
26758,0.19621952
26759,0.7972889
26760,0.9924297
26761,0.9859126
26762,0.25478902
26763,0.45581272
26764,0.9712425
26765,0.5954276
26766,0.85222554
26767,0.92968357
26768,0.92819655
26769,0.9556806
26770,0.7622089
26771,0.98342
26772,0.96911746
26773,0.9985039
26774,0.97882503
26775,0.012560513
26776,0.98470795
26777,0.18512057
26778,0.99717426
26779,0.9970572
26780,0.6590027
26781,0.49823764
26782,0.8452916
26783,0.9453073
26784,0.40593365
26785,0.87638646
26786,0.954828
26787,0.87031853
26788,0.93709624
26789,0.05835754
26790,0.70161515
26791,0.8979501
26792,0.7894422
26793,0.8930371
26794,0.83231646
26795,0.992957
26796,0.9968359
26797,0.98723155
26798,0.8634536
26799,0.74608254
26800,0.99195296
26801,0.9893601
26802,0.9871336
26803,0.7384031
26804,0.9566614
26805,0.7681826
26806,0.7010178
26807,0.94680446
26808,0.9902524
26809,0.9252995
26810,0.94266105
26811,0.90417576
26812,0.09158354
26813,0.7617541
26814,0.92577916
26815,0.9930107
26816,0.98022443
26817,0.99280506
26818,0.9985989
26819,0.9814503
26820,0.99536407
26821,0.885373
26822,0.9455738
26823,0.9887263
26824,0.94018435
26825,0.9982986
26826,0.9682617
26827,0.992867
26828,0.98882014
26829,0.99503714
26830,0.8627392
26831,0.8593637
26832,0.8048583
26833,0.44524822
26834,0.6052193
26835,0.9827654
26836,0.9837667
26837,0.99917513
26838,0.83565724
26839,0.7803774
26840,0.6752725
26841,0.97891325
26842,0.9071363
26843,0.9170088
26844,0.9936081
26845,0.7335721
26846,0.9945146
26847,0.98896617
26848,0.8413437
26849,0.7604321
26850,0.7782565
26851,0.96753246
26852,0.99864036
26853,0.71380496
26854,0.5292332
26855,0.01619822
26856,0.7047176
26857,0.982771
26858,0.31332785
26859,0.99614644
26860,0.7389973
26861,0.6690711
26862,0.99200577
26863,0.99605334
26864,0.85326105
26865,0.54385453
26866,0.9907719
26867,0.9919463
26868,0.81791115
26869,0.98930246
26870,0.97377056
26871,0.74202126
26872,0.9318731
26873,0.9974584
26874,0.8715629
26875,0.9702167
26876,0.8517163
26877,0.67403656
26878,0.6862634
26879,0.56960356
26880,0.9493802
26881,0.9384489
26882,0.85823286
26883,0.59141594
26884,0.9855516
26885,0.98093766
26886,0.9978326
26887,0.99758136
26888,0.7473804
26889,0.012016665
26890,0.31504157
26891,0.7109769
26892,0.8471988
26893,0.80327445
26894,0.90057826
26895,0.99175745
26896,0.9950996
26897,0.99399525
26898,0.8732428
26899,0.9670155
26900,0.73963034
26901,0.9904405
26902,0.9721497
26903,0.9780303
26904,0.6667992
26905,0.011586479
26906,0.92547715
26907,0.79884857
26908,0.40652856
26909,0.9169056
26910,0.7955126
26911,0.98489654
26912,0.9473717
26913,0.85565597
26914,0.6250266
26915,0.9970367
26916,0.9102246
26917,0.9752974
26918,0.43762806
26919,0.6764906
26920,0.97618127
26921,0.53873444
26922,0.3700166
26923,0.93996537
26924,0.98556846
26925,0.9630373
26926,0.7886608
26927,0.98485535
26928,0.8920777
26929,0.86751705
26930,0.99831724
26931,0.993188
26932,0.22404036
26933,0.8503524
26934,0.96735805
26935,0.9070034
26936,0.841563
26937,0.98152655
26938,0.6108645
26939,0.5848265
26940,0.98987013
26941,0.9976526
26942,0.42028892
26943,0.9915884
26944,0.88127536
26945,0.99361056
26946,0.9981548
26947,0.9931057
26948,0.67981166
26949,0.7344293
26950,0.4243019
26951,0.9227501
26952,0.96681345
26953,0.36844745
26954,0.6668613
26955,0.035081334
26956,0.939811
26957,0.2769496
26958,0.98793983
26959,0.7003317
26960,0.84675294
26961,0.99490803
26962,0.97631425
26963,0.54046845
26964,0.6767859
26965,0.90403146
26966,0.33561885
26967,0.36442402
26968,0.72298014
26969,0.9969733
26970,0.9961855
26971,0.38259876
26972,0.9776187
26973,0.809993
26974,0.5472153
26975,0.97398573
26976,0.9831739
26977,0.9067037
26978,0.9938262
26979,0.9730603
26980,0.95815295
26981,0.4401895
26982,0.3393317
26983,0.019631578
26984,0.8903127
26985,0.93053526
26986,0.87308013
26987,0.96337235
26988,0.8506176
26989,0.6234141
26990,0.9896225
26991,0.9082658
26992,0.91422373
26993,0.9923205
26994,0.99730456
26995,0.9090779
26996,0.7685188
26997,0.8270719
26998,0.9824436
26999,0.97552127
27000,0.9969421
27001,0.9920867
27002,0.6430277
27003,0.9758547
27004,0.5886396
27005,0.63762164
27006,0.4580879
27007,0.99857414
27008,0.048216257
27009,0.62290543
27010,0.68687683
27011,0.96458155
27012,0.8802906
27013,0.6129792
27014,0.9867562
27015,0.65486515
27016,0.80901206
27017,0.83227986
27018,0.99715
27019,0.9392498
27020,0.8336559
27021,0.0035147169
27022,0.99225074
27023,0.5692452
27024,0.8376961
27025,0.98978615
27026,0.7875863
27027,0.6005913
27028,0.8437394
27029,0.23818865
27030,0.69599646
27031,0.9924583
27032,0.82523674
27033,0.98976946
27034,0.99132603
27035,0.99477416
27036,0.9475605
27037,0.7751576
27038,0.9827497
27039,0.6682239
27040,0.987895
27041,0.569301
27042,0.8872375
27043,0.5846849
27044,0.20971443
27045,0.9014138
27046,0.96978396
27047,0.51524985
27048,0.8175083
27049,0.9861049
27050,0.509239
27051,0.94706637
27052,0.9855769
27053,0.99482155
27054,0.2537496
27055,0.9315432
27056,0.38363442
27057,0.73383176
27058,0.8991733
27059,0.98880124
27060,0.8976294
27061,0.7742487
27062,0.9089212
27063,0.9227348
27064,0.9780376
27065,0.98861325
27066,0.9913292
27067,0.8872887
27068,0.9904145
27069,0.90475976
27070,0.9354073
27071,0.74483806
27072,0.8323284
27073,0.971221
27074,0.9887799
27075,0.54911846
27076,0.83776766
27077,0.9837171
27078,0.55184734
27079,0.8556891
27080,0.9673968
27081,0.9070301
27082,0.9924338
27083,0.7957544
27084,0.8971574
27085,0.6607312
27086,0.9524975
27087,0.4874705
27088,0.54060143
27089,0.809657
27090,0.54376775
27091,0.7859995
27092,0.9887474
27093,0.89173144
27094,0.97499204
27095,0.972903
27096,0.51588523
27097,0.8634344
27098,0.8830254
27099,0.98492026
27100,0.790585
27101,0.8818989
27102,0.8816943
27103,0.9904235
27104,0.93781394
27105,0.9469931
27106,0.8029066
27107,0.97320527
27108,0.9777374
27109,0.9106978
27110,0.4379488
27111,0.979263
27112,0.9049575
27113,0.8859111
27114,0.51857615
27115,0.5214208
27116,0.86954206
27117,0.99201936
27118,0.98476356
27119,0.9382452
27120,0.9461971
27121,0.9828554
27122,0.5537603
27123,0.36649907
27124,0.9088173
27125,0.8583045
27126,0.8300479
27127,0.99389946
27128,0.9786164
27129,0.9287676
27130,0.986524
27131,0.48310244
27132,0.99532807
27133,0.8501822
27134,0.97563964
27135,0.5533346
27136,0.96048355
27137,0.92780346
27138,0.2988495
27139,0.89465135
27140,0.9600331
27141,0.84121567
27142,0.91646487
27143,0.94648856
27144,0.90252423
27145,0.9068537
27146,0.90373796
27147,0.14806595
27148,0.93588847
27149,0.28338805
27150,0.05928165
27151,0.83254874
27152,0.90490484
27153,0.99047196
27154,0.83152103
27155,0.85269284
27156,0.97883373
27157,0.5583756
27158,0.81704175
27159,0.9789731
27160,0.74776495
27161,0.98760813
27162,0.98866314
27163,0.38278273
27164,0.33383444
27165,0.9836947
27166,0.54955965
27167,0.9642618
27168,0.49119946
27169,0.030555392
27170,0.8916325
27171,0.32118034
27172,0.9558601
27173,0.8470211
27174,0.9902772
27175,0.9889098
27176,0.7803338
27177,0.8255777
27178,0.5503823
27179,0.42331755
27180,0.9891412
27181,0.9008529
27182,0.9250952
27183,0.9310581
27184,0.9950059
27185,0.96858704
27186,0.08437325
27187,0.83001524
27188,0.7543986
27189,0.9969446
27190,0.90594834
27191,0.8895652
27192,0.99559754
27193,0.6073072
27194,0.9132722
27195,0.54238135
27196,0.9514813
27197,0.47324798
27198,0.78708065
27199,0.96729314
27200,0.53548765
27201,0.85547614
27202,0.94432425
27203,0.8889285
27204,0.9801325
27205,0.9978815
27206,0.7813525
27207,0.9729696
27208,0.9090101
27209,0.8440319
27210,0.9716565
27211,0.43759742
27212,0.7205494
27213,0.73775965
27214,0.9908835
27215,0.93095183
27216,0.7440084
27217,0.8315341
27218,0.9915699
27219,0.76589715
27220,0.99578273
27221,0.9320638
27222,0.7392855
27223,0.62513685
27224,0.98569775
27225,0.70876527
27226,0.6530428
27227,0.5647131
27228,0.8672635
27229,0.5442355
27230,0.6888337
27231,0.72015214
27232,0.85615313
27233,0.99224055
27234,0.96019137
27235,0.6837906
27236,0.745761
27237,0.98360854
27238,0.8248937
27239,0.9872436
27240,0.761355
27241,0.8550003
27242,0.8091341
27243,0.30580774
27244,0.019726744
27245,0.99670273
27246,0.95375705
27247,0.92026204
27248,0.3672854
27249,0.8998147
27250,0.0053370963
27251,0.99498487
27252,0.8567319
27253,0.9589536
27254,0.9861456
27255,0.5458642
27256,0.91087204
27257,0.81548315
27258,0.99567705
27259,0.921272
27260,0.98947865
27261,0.9957598
27262,0.9969194
27263,0.8823261
27264,0.9535765
27265,0.82178265
27266,0.9968264
27267,0.71752053
27268,0.7215682
27269,0.9334269
27270,0.5432805
27271,0.9875673
27272,0.973899
27273,0.67533267
27274,0.41506636
27275,0.9955095
27276,0.99123436
27277,0.9945521
27278,0.99406695
27279,0.9952472
27280,0.99737763
27281,0.8545596
27282,0.9587456
27283,0.9918692
27284,0.7734164
27285,0.5051509
27286,0.8113397
27287,0.63150626
27288,0.697867
27289,0.8576098
27290,0.5633352
27291,0.90450215
27292,0.86010164
27293,0.58405405
27294,0.99678814
27295,0.9575501
27296,0.9690471
27297,0.9959865
27298,0.7796694
27299,0.5460162
27300,0.9889922
27301,0.7296826
27302,0.5088582
27303,0.56038624
27304,0.74687576
27305,0.81987333
27306,0.9976157
27307,0.9367102
27308,0.9770628
27309,0.50531024
27310,0.78631914
27311,0.99326974
27312,0.99329716
27313,0.01712229
27314,0.4359
27315,0.19476113
27316,0.9881896
27317,0.9085007
27318,0.014564287
27319,0.7896037
27320,0.9799008
27321,0.89664775
27322,0.9780824
27323,0.9342614
27324,0.9616398
27325,0.49068245
27326,0.9390643
27327,0.7875976
27328,0.8573498
27329,0.43225917
27330,0.9699148
27331,0.9867801
27332,0.99846303
27333,0.99583864
27334,0.9963781
27335,0.9219212
27336,0.5920204
27337,0.79222155
27338,0.6336561
27339,0.30779767
27340,0.9903182
27341,0.9327356
27342,0.99370724
27343,0.69136065
27344,0.64156693
27345,0.994429
27346,0.9929611
27347,0.9973183
27348,0.8930919
27349,0.6942957
27350,0.8617075
27351,0.6335467
27352,0.6701534
27353,0.6106587
27354,0.8812259
27355,0.9943203
27356,0.78567547
27357,0.8419075
27358,0.9911485
27359,0.9511231
27360,0.4681483
27361,0.9444793
27362,0.4514909
27363,0.010999567
27364,0.8425729
27365,0.76278853
27366,0.768662
27367,0.81674707
27368,0.96623456
27369,0.9463411
27370,0.9921218
27371,0.99131435
27372,0.87625015
27373,0.77840185
27374,0.82017565
27375,0.98765475
27376,0.90098625
27377,0.83013576
27378,0.5142733
27379,0.8019659
27380,0.10430816
27381,0.34097487
27382,0.6857242
27383,0.72740376
27384,0.8680949
27385,0.8464342
27386,0.7943145
27387,0.68910074
27388,0.478998
27389,0.96666825
27390,0.77785194
27391,0.52680045
27392,0.049604822
27393,0.6765979
27394,0.7128397
27395,0.98930746
27396,0.9173835
27397,0.8380731
27398,0.9711444
27399,0.9949885
27400,0.7079553
27401,0.8288754
27402,0.9913958
27403,0.98961455
27404,0.99510044
27405,0.9708264
27406,0.48896104
27407,0.6398393
27408,0.99750525
27409,0.94902205
27410,0.87706697
27411,0.5367488
27412,0.9985324
27413,0.9938082
27414,0.9050143
27415,0.98918086
27416,0.7986351
27417,0.9995796
27418,0.6941205
27419,0.820987
27420,0.010110736
27421,0.98297393
27422,0.8445466
27423,0.99511236
27424,0.70521814
27425,0.9530703
27426,0.82440114
27427,0.4757259
27428,0.7008373
27429,0.83059293
27430,0.99555016
27431,0.9906825
27432,0.7498648
27433,0.9970101
27434,0.7388873
27435,0.2740597
27436,0.567247
27437,0.9696418
27438,0.8699601
27439,0.69198453
27440,0.96742564
27441,0.9895912
27442,0.9948257
27443,0.92073536
27444,0.41631904
27445,0.9953021
27446,0.525967
27447,0.51368314
27448,0.28310776
27449,0.7241835
27450,0.9921342
27451,0.6480811
27452,0.99701786
27453,0.9958253
27454,0.98875266
27455,0.8738251
27456,0.97568464
27457,0.7278349
27458,0.9837406
27459,0.6438301
27460,0.5795152
27461,0.28960645
27462,0.99262625
27463,0.7937929
27464,0.84939003
27465,0.8239212
27466,0.013445031
27467,0.7445408
27468,0.9510869
27469,0.04809915
27470,0.95704484
27471,0.8909926
27472,0.9096033
27473,0.5136104
27474,0.7870145
27475,0.94940966
27476,0.9957563
27477,0.99074805
27478,0.9244293
27479,0.9473899
27480,0.7894676
27481,0.9326958
27482,0.9856279
27483,0.9141213
27484,0.9770874
27485,0.4605628
27486,0.755321
27487,0.65264755
27488,0.002970226
27489,0.9024126
27490,0.9145389
27491,0.978867
27492,0.8343439
27493,0.89195687
27494,0.59928757
27495,0.9941631
27496,0.37581685
27497,0.99401337
27498,0.8582771
27499,0.92707926
27500,0.80242026
27501,0.4604555
27502,0.7568785
27503,0.7996871
27504,0.51817673
27505,0.9162474
27506,0.9576357
27507,0.9924821
27508,0.9235322
27509,0.67141885
27510,0.99375606
27511,0.98638505
27512,0.44605705
27513,0.99257576
27514,0.99256563
27515,0.9976882
27516,0.068116896
27517,0.55280304
27518,0.7587044
27519,0.9377013
27520,0.39332408
27521,0.041668456
27522,0.82184756
27523,0.99625254
27524,0.14508054
27525,0.2108813
27526,0.42252037
27527,0.9699046
27528,0.9094811
27529,0.85646176
27530,0.9772922
27531,0.91080135
27532,0.7603119
27533,0.81008244
27534,0.86956424
27535,0.99750274
27536,0.98039883
27537,0.9648892
27538,0.98493284
27539,0.9876209
27540,0.44721353
27541,0.586605
27542,0.9277424
27543,0.9324632
27544,0.9852688
27545,0.00812841
27546,0.98137003
27547,0.9979526
27548,0.99222296
27549,0.801523
27550,0.54300636
27551,0.96705574
27552,0.8967212
27553,0.8169713
27554,0.9458993
27555,0.008718985
27556,0.65049267
27557,0.9644992
27558,0.3281793
27559,0.9984188
27560,0.43243298
27561,0.27048886
27562,0.016002283
27563,0.35372666
27564,0.58422685
27565,0.14092802
27566,0.9479479
27567,0.8593698
27568,0.96863437
27569,0.8602543
27570,0.9400188
27571,0.8220007
27572,0.9943922
27573,0.9945696
27574,0.9867778
27575,0.88731784
27576,0.40116027
27577,0.61844754
27578,0.8624185
27579,0.11583095
27580,0.782859
27581,0.19087602
27582,0.5895803
27583,0.7223223
27584,0.5412688
27585,0.8581026
27586,0.9964585
27587,0.49756372
27588,0.005674876
27589,0.99623185
27590,0.69357485
27591,0.9382757
27592,0.5436712
27593,0.92763174
27594,0.99711835
27595,0.81660163
27596,0.9949174
27597,0.99753547
27598,0.5428044
27599,0.9981845
27600,0.63786846
27601,0.9765712
27602,0.985986
27603,0.98958886
27604,0.9981413
27605,0.8598083
27606,0.91716266
27607,0.5715322
27608,0.8064854
27609,0.98195547
27610,0.9109168
27611,0.661337
27612,0.87120605
27613,0.60139287
27614,0.9951192
27615,0.61509657
27616,0.9508612
27617,0.8732355
27618,0.42757004
27619,0.9710259
27620,0.8344075
27621,0.9918291
27622,0.5134221
27623,0.9970638
27624,0.9993963
27625,0.99410194
27626,0.89448595
27627,0.9762548
27628,0.5986561
27629,0.98693454
27630,0.7045016
27631,0.9916664
27632,0.033975415
27633,0.99624324
27634,0.52201194
27635,0.97849315
27636,0.6356381
27637,0.78223276
27638,0.5415173
27639,0.70115197
27640,0.98429316
27641,0.91678935
27642,0.6762796
27643,0.85902804
27644,0.87004584
27645,0.6469659
27646,0.94094276
27647,0.6282236
27648,0.015172996
27649,0.5432171
27650,0.90204585
27651,0.9178102
27652,0.9952766
27653,0.63026065
27654,0.03524636
27655,0.9957754
27656,0.59326667
27657,0.33354744
27658,0.9987379
27659,0.84543306
27660,0.9772914
27661,0.9362499
27662,0.005940132
27663,0.93007666
27664,0.99850595
27665,0.99719954
27666,0.85178
27667,0.82922256
27668,0.98419076
27669,0.5398523
27670,0.7059332
27671,0.7864883
27672,0.90768975
27673,0.8683727
27674,0.92954075
27675,0.6478797
27676,0.96638376
27677,0.8282671
27678,0.99235934
27679,0.71250373
27680,0.99481153
27681,0.9850426
27682,0.42330116
27683,0.5420769
27684,0.906139
27685,0.69178
27686,0.03981455
27687,0.78990144
27688,0.5159736
27689,0.94279647
27690,0.9905606
27691,0.81164837
27692,0.9968299
27693,0.39493328
27694,0.5531443
27695,0.9546651
27696,0.998811
27697,0.96324056
27698,0.9109897
27699,0.4237441
27700,0.98383486
27701,0.97096044
27702,0.8933234
27703,0.9612423
27704,0.7972211
27705,0.9524968
27706,0.27465716
27707,0.89429075
27708,0.68081063
27709,0.94895214
27710,0.9915182
27711,0.9874428
27712,0.80375516
27713,0.32189816
27714,0.85710126
27715,0.8184812
27716,0.99787295
27717,0.9418074
27718,0.8342267
27719,0.8399536
27720,0.89130074
27721,0.772895
27722,0.80460215
27723,0.9942926
27724,0.54130507
27725,0.8497184
27726,0.98881674
27727,0.88337386
27728,0.99559635
27729,0.8409021
27730,0.52213717
27731,0.7719796
27732,0.81001097
27733,0.987263
27734,0.9599351
27735,0.9936697
27736,0.9846075
27737,0.19715461
27738,0.9082133
27739,0.7684882
27740,0.7360119
27741,0.9286042
27742,0.8252083
27743,0.7676935
27744,0.42355087
27745,0.961381
27746,0.98414063
27747,0.9363221
27748,0.9929427
27749,0.6918041
27750,0.78666365
27751,0.7080649
27752,0.9927556
27753,0.8604087
27754,0.99037266
27755,0.4578762
27756,0.8983259
27757,0.8660927
27758,0.99620914
27759,0.9495554
27760,0.9949763
27761,0.6854202
27762,0.65390915
27763,0.9470156
27764,0.7084737
27765,0.99540085
27766,0.19380867
27767,0.90116996
27768,0.88468724
27769,0.90344745
27770,0.9346003
27771,0.99715376
27772,0.7370383
27773,0.7079979
27774,0.94831365
27775,0.77386504
27776,0.39444306
27777,0.9980457
27778,0.8584481
27779,0.9065509
27780,0.9544826
27781,0.94462043
27782,0.4140194
27783,0.9057319
27784,0.9751389
27785,0.74957716
27786,0.82572454
27787,0.6549104
27788,0.86684966
27789,0.8582643
27790,0.9690194
27791,0.77902377
27792,0.9525963
27793,0.9938744
27794,0.98833805
27795,0.34303942
27796,0.7649776
27797,0.97244984
27798,0.96184754
27799,0.72295594
27800,0.97034174
27801,0.45449176
27802,0.99122447
27803,0.77883184
27804,0.41930225
27805,0.9329821
27806,0.87376773
27807,0.99561214
27808,0.9949438
27809,0.96470416
27810,0.70540494
27811,0.6316638
27812,0.98729765
27813,0.71863556
27814,0.09832532
27815,0.9592905
27816,0.9073994
27817,0.97458035
27818,0.991342
27819,0.6796119
27820,0.8800558
27821,0.9897551
27822,0.017210398
27823,0.9422406
27824,0.75697917
27825,0.92627484
27826,0.97354436
27827,0.9897704
27828,0.9256408
27829,0.9764781
27830,0.8237039
27831,0.9280344
27832,0.625283
27833,0.36969635
27834,0.8176472
27835,0.98200125
27836,0.7356291
27837,0.9935812
27838,0.9954436
27839,0.99711454
27840,0.476368
27841,0.7525435
27842,0.9720667
27843,0.8685054
27844,0.7491794
27845,0.99657935
27846,0.9609923
27847,0.5041706
27848,0.7733749
27849,0.99456656
27850,0.6812265
27851,0.92925406
27852,0.8602648
27853,0.6786058
27854,0.35071158
27855,0.3935093
27856,0.97956985
27857,0.9748145
27858,0.9186027
27859,0.84264696
27860,0.46778563
27861,0.3150337
27862,0.9371963
27863,0.90328044
27864,0.9972186
27865,0.84561163
27866,0.98150545
27867,0.6818594
27868,0.6609975
27869,0.9801887
27870,0.94182277
27871,0.88055986
27872,0.64786184
27873,0.2630603
27874,0.93240166
27875,0.97046566
27876,0.79053694
27877,0.7186421
27878,0.3101386
27879,0.9925593
27880,0.65205115
27881,0.34505668
27882,0.9907195
27883,0.6248536
27884,0.92922586
27885,0.9964444
27886,0.3155833
27887,0.98310167
27888,0.6980176
27889,0.7096551
27890,0.8761867
27891,0.8180081
27892,0.95438814
27893,0.98276764
27894,0.90442306
27895,0.99520016
27896,0.98413426
27897,0.9884626
27898,0.8044465
27899,0.80880195
27900,0.99504095
27901,0.9885543
27902,0.8784149
27903,0.9693588
27904,0.19372006
27905,0.9543041
27906,0.9962559
27907,0.44510296
27908,0.99513125
27909,0.72211
27910,0.9208898
27911,0.69520605
27912,0.64828396
27913,0.31679255
27914,0.9856059
27915,0.798404
27916,0.99771833
27917,0.96404135
27918,0.99950576
27919,0.8418095
27920,0.9579931
27921,0.8563254
27922,0.81096363
27923,0.42526537
27924,0.995327
27925,0.26230553
27926,0.6698155
27927,0.6245513
27928,0.9631299
27929,0.990198
27930,0.9857141
27931,0.0047611794
27932,0.7749605
27933,0.6125227
27934,0.20329031
27935,0.93942744
27936,0.47965822
27937,0.9962121
27938,0.9803162
27939,0.9425503
27940,0.9101669
27941,0.9957236
27942,0.09775016
27943,0.60731316
27944,0.9703874
27945,0.77344334
27946,0.91147953
27947,0.6550807
27948,0.99631053
27949,0.59328884
27950,0.99183613
27951,0.7761809
27952,0.9963296
27953,0.9757436
27954,0.99296194
27955,0.9957819
27956,0.99285626
27957,0.7515238
27958,0.8359584
27959,0.9979983
27960,0.8391032
27961,0.9625075
27962,0.9243142
27963,0.791943
27964,0.97763413
27965,0.9953607
27966,0.9961116
27967,0.7615115
27968,0.36592907
27969,0.99320376
27970,0.45284474
27971,0.89715296
27972,0.5981325
27973,0.46318743
27974,0.94665116
27975,0.9876266
27976,0.94931364
27977,0.9648309
27978,0.71667045
27979,0.95464206
27980,0.86543894
27981,0.89629036
27982,0.9694325
27983,0.5815204
27984,0.3517679
27985,0.4650723
27986,0.8325012
27987,0.7857818
27988,0.62249774
27989,0.9958417
27990,0.77486145
27991,0.6556
27992,0.9252986
27993,0.33110812
27994,0.9916249
27995,0.96271783
27996,0.85902977
27997,0.99024713
27998,0.98071516
27999,0.98124766
28000,0.99492455
28001,0.7654324
28002,0.89675426
28003,0.9884327
28004,0.99675167
28005,0.7632492
28006,0.9733533
28007,0.91525894
28008,0.9314551
28009,0.9957528
28010,0.99536914
28011,0.992038
28012,0.9982103
28013,0.9414099
28014,0.9257431
28015,0.49337626
28016,0.4536806
28017,0.9938159
28018,0.96622646
28019,0.7326684
28020,0.95727605
28021,0.9189259
28022,0.7329037
28023,0.9878421
28024,0.79366475
28025,0.48883283
28026,0.3678064
28027,0.24518459
28028,0.56837636
28029,0.86816436
28030,0.80544364
28031,0.9921514
28032,0.7216233
28033,0.43829516
28034,0.8601184
28035,0.8208723
28036,0.99734
28037,0.93867624
28038,0.72121185
28039,0.9950595
28040,0.91662186
28041,0.6037582
28042,0.48348996
28043,0.6984802
28044,0.8667708
28045,0.9710415
28046,0.26602682
28047,0.993889
28048,0.9541002
28049,0.6166425
28050,0.996369
28051,0.9842721
28052,0.9463814
28053,0.8814248
28054,0.6624506
28055,0.81201166
28056,0.9277167
28057,0.83085895
28058,0.987578
28059,0.9740117
28060,0.6096568
28061,0.8953898
28062,0.9040573
28063,0.89891565
28064,0.99599
28065,0.8884395
28066,0.99461234
28067,0.68548995
28068,0.9534714
28069,0.9927948
28070,0.89916664
28071,0.960385
28072,0.99136657
28073,0.7993454
28074,0.9971398
28075,0.99382174
28076,0.19847168
28077,0.8042277
28078,0.86326575
28079,0.8397728
28080,0.8496907
28081,0.005117986
28082,0.46672204
28083,0.8792889
28084,0.8775559
28085,0.9612305
28086,0.7366776
28087,0.99144155
28088,0.7901538
28089,0.8156884
28090,0.7434948
28091,0.83127725
28092,0.0069276
28093,0.4662074
28094,0.88137645
28095,0.9224448
28096,0.9922746
28097,0.52435976
28098,0.99739873
28099,0.36720297
28100,0.9569493
28101,0.816095
28102,0.67101437
28103,0.7168804
28104,0.99658394
28105,0.89226377
28106,0.99637187
28107,0.90605384
28108,0.98022044
28109,0.7612494
28110,0.18776254
28111,0.9902644
28112,0.7473471
28113,0.7403316
28114,0.99525875
28115,0.9960849
28116,0.67939335
28117,0.8875611
28118,0.99632215
28119,0.98747396
28120,0.78027016
28121,0.8571236
28122,0.84427494
28123,0.9984817
28124,0.008368317
28125,0.53202873
28126,0.7948281
28127,0.98791015
28128,0.9971675
28129,0.99463403
28130,0.010442258
28131,0.89502513
28132,0.9862351
28133,0.93794805
28134,0.90617543
28135,0.80436355
28136,0.95618206
28137,0.6886194
28138,0.9903384
28139,0.9747833
28140,0.47921354
28141,0.9934722
28142,0.95030904
28143,0.6700756
28144,0.7624658
28145,0.9880553
28146,0.9867556
28147,0.87434214
28148,0.9910618
28149,0.54052204
28150,0.80445874
28151,0.7524326
28152,0.9810064
28153,0.22262207
28154,0.98127145
28155,0.816219
28156,0.9795813
28157,0.7504221
28158,0.74501896
28159,0.38197052
28160,0.9943329
28161,0.74442434
28162,0.8608567
28163,0.93569505
28164,0.82657075
28165,0.4382588
28166,0.9188958
28167,0.75583476
28168,0.9955949
28169,0.9830798
28170,0.882653
28171,0.48711634
28172,0.8306135
28173,0.9874423
28174,0.98957413
28175,0.25431073
28176,0.99749964
28177,0.99614847
28178,0.76792777
28179,0.93886316
28180,0.97054815
28181,0.7468336
28182,0.9930708
28183,0.8679537
28184,0.836933
28185,0.9964354
28186,0.95771265
28187,0.9641498
28188,0.6152159
28189,0.95017785
28190,0.79033035
28191,0.7242315
28192,0.9700361
28193,0.9830245
28194,0.9957711
28195,0.98097587
28196,0.9204215
28197,0.89524657
28198,0.9964089
28199,0.86561674
28200,0.64491
28201,0.9554321
28202,0.95470273
28203,0.84179884
28204,0.7200745
28205,0.3851207
28206,0.9611853
28207,0.99718887
28208,0.8779408
28209,0.99348456
28210,0.25519955
28211,0.9943916
28212,0.81829166
28213,0.39416757
28214,0.90239114
28215,0.79358685
28216,0.979764
28217,0.4600535
28218,0.9836466
28219,0.7666704
28220,0.6795982
28221,0.9802982
28222,0.9989183
28223,0.99351764
28224,0.5327341
28225,0.2097666
28226,0.98181045
28227,0.80056673
28228,0.98728496
28229,0.991784
28230,0.9984499
28231,0.99179274
28232,0.97770566
28233,0.9856646
28234,0.98045325
28235,0.8943399
28236,0.9928214
28237,0.8986137
28238,0.86469644
28239,0.98084545
28240,0.9166064
28241,0.21577866
28242,0.9343982
28243,0.44543147
28244,0.5572017
28245,0.9914881
28246,0.98642635
28247,0.8674391
28248,0.032105092
28249,0.9948931
28250,0.7910574
28251,0.38883734
28252,0.9976992
28253,0.07680683
28254,0.36389902
28255,0.75173056
28256,0.9628155
28257,0.8415303
28258,0.75604
28259,0.99732155
28260,0.99573475
28261,0.48377737
28262,0.9979382
28263,0.74702656
28264,0.82250905
28265,0.82163596
28266,0.7284096
28267,0.965556
28268,0.62051255
28269,0.8978619
28270,0.90612125
28271,0.93876797
28272,0.87908894
28273,0.7009987
28274,0.6825923
28275,0.9971149
28276,0.9889803
28277,0.99008584
28278,0.8865501
28279,0.9953727
28280,0.0032706577
28281,0.97291493
28282,0.991559
28283,0.9121866
28284,0.77671254
28285,0.99874413
28286,0.99327976
28287,0.9208834
28288,0.10871389
28289,0.9572058
28290,0.48926255
28291,0.9862114
28292,0.8755039
28293,0.99395365
28294,0.9732649
28295,0.77276945
28296,0.94153935
28297,0.1573273
28298,0.9424748
28299,0.7813139
28300,0.7920361
28301,0.91545707
28302,0.9943046
28303,0.99341923
28304,0.99432373
28305,0.9653428
28306,0.9911618
28307,0.96144867
28308,0.93165463
28309,0.9960335
28310,0.9268366
28311,0.8944181
28312,0.5844467
28313,0.98112124
28314,0.9081089
28315,0.9905454
28316,0.47848034
28317,0.66356784
28318,0.67661744
28319,0.99308974
28320,0.8899733
28321,0.9726418
28322,0.97977245
28323,0.9947931
28324,0.91168946
28325,0.9888891
28326,0.986093
28327,0.33963385
28328,0.98661834
28329,0.8895556
28330,0.77562
28331,0.9340337
28332,0.995271
28333,0.78566676
28334,0.6789327
28335,0.020392997
28336,0.47289577
28337,0.9979036
28338,0.7583774
28339,0.7658987
28340,0.98730797
28341,0.8734336
28342,0.9476292
28343,0.9698486
28344,0.003164652
28345,0.98420113
28346,0.582449
28347,0.98917294
28348,0.9779846
28349,0.9018903
28350,0.6776168
28351,0.99014914
28352,0.940178
28353,0.9552505
28354,0.9959699
28355,0.87425065
28356,0.88350266
28357,0.9893825
28358,0.98108023
28359,0.967191
28360,0.8865145
28361,0.7573772
28362,0.9423107
28363,0.99577785
28364,0.98898447
28365,0.47207743
28366,0.9931177
28367,0.99386096
28368,0.4416988
28369,0.29610136
28370,0.8084264
28371,0.68086356
28372,0.994745
28373,0.9638419
28374,0.43086654
28375,0.9989225
28376,0.909211
28377,0.029381674
28378,0.9966698
28379,0.98594725
28380,0.93569785
28381,0.5412818
28382,0.59758186
28383,0.9097086
28384,0.97391075
28385,0.07321491
28386,0.99245244
28387,0.94126254
28388,0.9906149
28389,0.72768414
28390,0.73040855
28391,0.9596944
28392,0.8133538
28393,0.9635454
28394,0.92271096
28395,0.8367807
28396,0.9852562
28397,0.726903
28398,0.12973866
28399,0.80585593
28400,0.6135977
28401,0.97241366
28402,0.7606912
28403,0.8606242
28404,0.9910443
28405,0.8825957
28406,0.8619568
28407,0.9260152
28408,0.6272603
28409,0.92847
28410,0.36579385
28411,0.9382216
28412,0.9952474
28413,0.7689038
28414,0.83371454
28415,0.9143056
28416,0.871069
28417,0.9950353
28418,0.81868464
28419,0.3877566
28420,0.5879212
28421,0.8551256
28422,0.958905
28423,0.9901502
28424,0.64947575
28425,0.7803927
28426,0.8220835
28427,0.9139879
28428,0.99361247
28429,0.7375851
28430,0.97410226
28431,0.92487717
28432,0.9001979
28433,0.9689417
28434,0.6128355
28435,0.6950503
28436,0.257729
28437,0.7864319
28438,0.95359236
28439,0.98644966
28440,0.9392485
28441,0.46369332
28442,0.99681574
28443,0.47582144
28444,0.49629462
28445,0.92521834
28446,0.95481896
28447,0.96407896
28448,0.83658296
28449,0.81548107
28450,0.9844498
28451,0.997703
28452,0.9859875
28453,0.53198797
28454,0.61009187
28455,0.8942211
28456,0.871247
28457,0.91338307
28458,0.99700016
28459,0.94888365
28460,0.9803004
28461,0.8866917
28462,0.8567968
28463,0.85232556
28464,0.59384936
28465,0.42203155
28466,0.70975447
28467,0.9672523
28468,0.9680784
28469,0.4346938
28470,0.9953798
28471,0.727012
28472,0.85744953
28473,0.99022317
28474,0.97699535
28475,0.5622677
28476,0.9945544
28477,0.62200075
28478,0.55703676
28479,0.7607434
28480,0.7237529
28481,0.76942724
28482,0.68818754
28483,0.42036656
28484,0.92978287
28485,0.6779004
28486,0.65178293
28487,0.7427958
28488,0.9858148
28489,0.8615715
28490,0.9896408
28491,0.34413
28492,0.9186291
28493,0.896324
28494,0.98970246
28495,0.9785815
28496,0.7030653
28497,0.995321
28498,0.52746385
28499,0.99244857
28500,0.5450629
28501,0.9836452
28502,0.9991959
28503,0.99510264
28504,0.6494298
28505,0.9876316
28506,0.53880477
28507,0.9140538
28508,0.935123
28509,0.9961792
28510,0.6829269
28511,0.9976388
28512,0.8069773
28513,0.9982095
28514,0.9985066
28515,0.6886683
28516,0.9958165
28517,0.9909797
28518,0.84696287
28519,0.9309817
28520,0.8966261
28521,0.3607339
28522,0.9858725
28523,0.7699694
28524,0.9893527
28525,0.88909745
28526,0.9327298
28527,0.5589895
28528,0.9289006
28529,0.9797298
28530,0.73113513
28531,0.94981396
28532,0.9140333
28533,0.23975934
28534,0.7695198
28535,0.992957
28536,0.9890731
28537,0.9381707
28538,0.9954086
28539,0.9993907
28540,0.6850174
28541,0.695668
28542,0.6174159
28543,0.9131391
28544,0.9968022
28545,0.9896813
28546,0.9610811
28547,0.76730615
28548,0.72054946
28549,0.7923923
28550,0.74080795
28551,0.5020072
28552,0.62695026
28553,0.9534947
28554,0.9643977
28555,0.48548895
28556,0.3424744
28557,0.8794741
28558,0.9909662
28559,0.6524332
28560,0.8874579
28561,0.90044475
28562,0.4636461
28563,0.99360174
28564,0.9918983
28565,0.68733066
28566,0.90990627
28567,0.91879475
28568,0.99387217
28569,0.988371
28570,0.86811006
28571,0.8798595
28572,0.9968681
28573,0.9913728
28574,0.9814942
28575,0.8930564
28576,0.66279185
28577,0.79676765
28578,0.99181926
28579,0.98524404
28580,0.59737664
28581,0.7836458
28582,0.9949037
28583,0.6655844
28584,0.9804677
28585,0.9212875
28586,0.6572133
28587,0.84243137
28588,0.9966222
28589,0.98351467
28590,0.7558476
28591,0.88452315
28592,0.69583076
28593,0.48683187
28594,0.996935
28595,0.6717767
28596,0.8966704
28597,0.9572607
28598,0.8314039
28599,0.7022936
28600,0.9573302
28601,0.99741095
28602,0.9888171
28603,0.9928827
28604,0.92225444
28605,0.9989736
28606,0.7100643
28607,0.50016195
28608,0.78247285
28609,0.9966654
28610,0.96801925
28611,0.9403753
28612,0.9865621
28613,0.89812887
28614,0.9957696
28615,0.00769213
28616,0.8532748
28617,0.9470917
28618,0.9022696
28619,0.9866375
28620,0.9479048
28621,0.9512756
28622,0.68065387
28623,0.9966372
28624,0.8096224
28625,0.97347337
28626,0.8327174
28627,0.8838564
28628,0.9913974
28629,0.90400696
28630,0.9975762
28631,0.898761
28632,0.7590081
28633,0.7654844
28634,0.89648104
28635,0.9594385
28636,0.9918833
28637,0.8761444
28638,0.9955331
28639,0.97517335
28640,0.6838257
28641,0.68391806
28642,0.9049015
28643,0.8819725
28644,0.47451806
28645,0.4076159
28646,0.996813
28647,0.9985966
28648,0.5013507
28649,0.9520054
28650,0.8346168
28651,0.8317628
28652,0.998059
28653,0.98341817
28654,0.22251092
28655,0.6203052
28656,0.28754348
28657,0.8018057
28658,0.93353134
28659,0.8740404
28660,0.9633009
28661,0.99282855
28662,0.4408824
28663,0.9911363
28664,0.54561406
28665,0.7626482
28666,0.8695274
28667,0.9819564
28668,0.79896057
28669,0.99682754
28670,0.89590067
28671,0.9986557
28672,0.97981536
28673,0.9360399
28674,0.7996018
28675,0.6443394
28676,0.61210436
28677,0.6695805
28678,0.8774838
28679,0.8676681
28680,0.98029137
28681,0.7025776
28682,0.37772164
28683,0.99287415
28684,0.9767868
28685,0.53202677
28686,0.93772924
28687,0.7947799
28688,0.9900101
28689,0.9910527
28690,0.63207793
28691,0.8018963
28692,0.76394117
28693,0.79194957
28694,0.85810465
28695,0.99269205
28696,0.46461716
28697,0.9561087
28698,0.97661984
28699,0.7995109
28700,0.9226327
28701,0.99963427
28702,0.9695108
28703,0.9985618
28704,0.99621105
28705,0.9825628
28706,0.88587564
28707,0.9119568
28708,0.98927504
28709,0.5477358
28710,0.89830416
28711,0.8283029
28712,0.8760758
28713,0.46675807
28714,0.98591995
28715,0.9898476
28716,0.9931552
28717,0.99160695
28718,0.87109995
28719,0.762393
28720,0.94093776
28721,0.98788446
28722,0.8756719
28723,0.8804709
28724,0.5232126
28725,0.8845722
28726,0.625433
28727,0.73097175
28728,0.98429686
28729,0.9991449
28730,0.87488043
28731,0.9966936
28732,0.7979032
28733,0.63935626
28734,0.8798588
28735,0.96545225
28736,0.8880375
28737,0.8261068
28738,0.9824452
28739,0.6448083
28740,0.96956474
28741,0.5877789
28742,0.60914266
28743,0.99619114
28744,0.73679274
28745,0.98514986
28746,0.5651404
28747,0.30360475
28748,0.9057938
28749,0.66283166
28750,0.9692714
28751,0.99674255
28752,0.9202117
28753,0.7833065
28754,0.6409995
28755,0.98869765
28756,0.9989141
28757,0.50604373
28758,0.7241198
28759,0.875529
28760,0.57538354
28761,0.95405316
28762,0.6675098
28763,0.9852128
28764,0.51536953
28765,0.9911635
28766,0.99810576
28767,0.99336183
28768,0.74999374
28769,0.27704751
28770,0.53844094
28771,0.693289
28772,0.80607283
28773,0.9677752
28774,0.8098027
28775,0.6418211
28776,0.73061377
28777,0.9098889
28778,0.98060685
28779,0.009251255
28780,0.9672934
28781,0.5118356
28782,0.7628289
28783,0.99427325
28784,0.98562455
28785,0.91863275
28786,0.33828884
28787,0.9966522
28788,0.7131149
28789,0.95256203
28790,0.96912
28791,0.82675
28792,0.8109962
28793,0.31796065
28794,0.45833898
28795,0.99783236
28796,0.67213476
28797,0.94446427
28798,0.7701363
28799,0.9919974
28800,0.99398464
28801,0.9280143
28802,0.96590704
28803,0.9654807
28804,0.44924644
28805,0.97675824
28806,0.45549604
28807,0.8580808
28808,0.9677681
28809,0.87082124
28810,0.84110785
28811,0.8970985
28812,0.9957612
28813,0.97180057
28814,0.9344727
28815,0.7648133
28816,0.9924655
28817,0.5785877
28818,0.98526776
28819,0.8852459
28820,0.9953306
28821,0.9368913
28822,0.013109285
28823,0.99466246
28824,0.96709764
28825,0.9243701
28826,0.9065136
28827,0.90502053
28828,0.8209117
28829,0.89109623
28830,0.88465506
28831,0.82381886
28832,0.7407714
28833,0.45361423
28834,0.3033075
28835,0.89061874
28836,0.8225512
28837,0.9571396
28838,0.9942735
28839,0.5331957
28840,0.61172265
28841,0.9896459
28842,0.9425435
28843,0.89711773
28844,0.89210266
28845,0.71167564
28846,0.96373236
28847,0.985031
28848,0.99783474
28849,0.45272282
28850,0.39391416
28851,0.9949013
28852,0.8738403
28853,0.96052414
28854,0.785111
28855,0.2784182
28856,0.70559216
28857,0.99274373
28858,0.5503742
28859,0.9819541
28860,0.9554143
28861,0.4570209
28862,0.8929079
28863,0.8565351
28864,0.9797481
28865,0.9320245
28866,0.9857502
28867,0.9790533
28868,0.997959
28869,0.7543766
28870,0.6081221
28871,0.97503567
28872,0.6058759
28873,0.9607371
28874,0.9974688
28875,0.88881403
28876,0.9661274
28877,0.89542085
28878,0.99731076
28879,0.52605176
28880,0.9963994
28881,0.50904727
28882,0.98155427
28883,0.98763996
28884,0.8669283
28885,0.7710652
28886,0.99640095
28887,0.9882395
28888,0.989689
28889,0.82036495
28890,0.0016251944
28891,0.019171461
28892,0.8277571
28893,0.49727333
28894,0.88688445
28895,0.9786662
28896,0.8944731
28897,0.8351349
28898,0.27098048
28899,0.97956115
28900,0.99114627
28901,0.9880606
28902,0.9121539
28903,0.9578937
28904,0.66712064
28905,0.996781
28906,0.640856
28907,0.26961756
28908,0.8283469
28909,0.89552814
28910,0.33919302
28911,0.58405054
28912,0.9872601
28913,0.95145804
28914,0.9327501
28915,0.7488615
28916,0.84370375
28917,0.99225205
28918,0.98586965
28919,0.5771489
28920,0.8918499
28921,0.7664267
28922,0.005923354
28923,0.5484375
28924,0.9885068
28925,0.9298446
28926,0.0021161162
28927,0.77112573
28928,0.8655136
28929,0.7346866
28930,0.90170264
28931,0.9864629
28932,0.997422
28933,0.881277
28934,0.45099702
28935,0.998698
28936,0.90005136
28937,0.9875929
28938,0.9975822
28939,0.99934167
28940,0.9352842
28941,0.28457335
28942,0.6870262
28943,0.016364219
28944,0.79551387
28945,0.98169506
28946,0.77470165
28947,0.87288105
28948,0.98580116
28949,0.30932298
28950,0.91306734
28951,0.99331397
28952,0.97172666
28953,0.95112514
28954,0.98126525
28955,0.998386
28956,0.9976286
28957,0.62066764
28958,0.7962312
28959,0.9734267
28960,0.6439767
28961,0.6307529
28962,0.90257883
28963,0.5177209
28964,0.8166747
28965,0.9290851
28966,0.787261
28967,0.9962525
28968,0.95622283
28969,0.9869804
28970,0.99360484
28971,0.54852164
28972,0.8858485
28973,0.5560118
28974,0.9934668
28975,0.57829314
28976,0.907649
28977,0.99412304
28978,0.9870248
28979,0.65049607
28980,0.88415164
28981,0.702844
28982,0.9844796
28983,0.99236166
28984,0.99947494
28985,0.9664342
28986,0.78392154
28987,0.72769445
28988,0.84796953
28989,0.918487
28990,0.5401678
28991,0.7126711
28992,0.99690104
28993,0.55757904
28994,0.68153656
28995,0.95778835
28996,0.9470707
28997,0.99086386
28998,0.34728208
28999,0.8025038
29000,0.9666236
29001,0.9588541
29002,0.99195075
29003,0.9940236
29004,0.7325667
29005,0.7525224
29006,0.79538965
29007,0.9720276
29008,0.58363473
29009,0.9119666
29010,0.9672354
29011,0.9114734
29012,0.7772266
29013,0.7897908
29014,0.9975432
29015,0.69504845
29016,0.970341
29017,0.75125855
29018,0.1214135
29019,0.99807656
29020,0.7151396
29021,0.7000823
29022,0.60136753
29023,0.9955949
29024,0.93106914
29025,0.93297905
29026,0.7740501
29027,0.80282843
29028,0.76167995
29029,0.9949409
29030,0.98959047
29031,0.67597383
29032,0.95590025
29033,0.990987
29034,0.9650837
29035,0.95167965
29036,0.19431034
29037,0.99661
29038,0.8589395
29039,0.931197
29040,0.8876113
29041,0.73489416
29042,0.76220226
29043,0.9892457
29044,0.91653514
29045,0.69293
29046,0.9908512
29047,0.5648281
29048,0.993054
29049,0.99162185
29050,0.4992784
29051,0.9595983
29052,0.94310343
29053,0.58003205
29054,0.9636808
29055,0.99336904
29056,0.9541983
29057,0.9954514
29058,0.3178188
29059,0.98747474
29060,0.96271396
29061,0.41129243
29062,0.7615353
29063,0.9968657
29064,0.9961792
29065,0.9950663
29066,0.9911526
29067,0.9962463
29068,0.639092
29069,0.9511892
29070,0.88396764
29071,0.2185218
29072,0.99506855
29073,0.82002556
29074,0.9159838
29075,0.02516759
29076,0.36583233
29077,0.88497245
29078,0.36792612
29079,0.98611385
29080,0.97681785
29081,0.6224777
29082,0.28277305
29083,0.9902802
29084,0.9218297
29085,0.76312745
29086,0.59078884
29087,0.22166093
29088,0.6735939
29089,0.9887228
29090,0.9923813
29091,0.92506605
29092,0.9367007
29093,0.03787237
29094,0.34740943
29095,0.8653862
29096,0.9865745
29097,0.32842845
29098,0.9356339
29099,0.8522272
29100,0.78876364
29101,0.99058855
29102,0.33137155
29103,0.78475964
29104,0.9000402
29105,0.42578343
29106,0.5805642
29107,0.84778416
29108,0.49587834
29109,0.92290986
29110,0.42965287
29111,0.9776185
29112,0.33637008
29113,0.9655019
29114,0.83808476
29115,0.19147336
29116,0.6958159
29117,0.90808946
29118,0.40968275
29119,0.8737713
29120,0.6035505
29121,0.8477
29122,0.56740427
29123,0.9875502
29124,0.9415053
29125,0.034065537
29126,0.79956686
29127,0.7562631
29128,0.8011409
29129,0.9498079
29130,0.6469021
29131,0.46384
29132,0.75801426
29133,0.94998187
29134,0.6399889
29135,0.99489033
29136,0.004102305
29137,0.900975
29138,0.9667972
29139,0.4487338
29140,0.970369
29141,0.17925735
29142,0.98685116
29143,0.63097554
29144,0.9802715
29145,0.95721096
29146,0.8026252
29147,0.50357544
29148,0.94775397
29149,0.9957486
29150,0.8380285
29151,0.39942035
29152,0.24758221
29153,0.85287577
29154,0.9468502
29155,0.61361885
29156,0.96206516
29157,0.80245525
29158,0.7152248
29159,0.88035345
29160,0.97760344
29161,0.89118904
29162,0.6959253
29163,0.691984
29164,0.9773916
29165,0.66538244
29166,0.74726045
29167,0.71276927
29168,0.9983398
29169,0.8704882
29170,0.5773836
29171,0.85656077
29172,0.99109125
29173,0.6558726
29174,0.24189636
29175,0.9951283
29176,0.8884817
29177,0.4247762
29178,0.9978849
29179,0.3537923
29180,0.73735976
29181,0.98713255
29182,0.9753431
29183,0.9806039
29184,0.5702844
29185,0.57883495
29186,0.83659637
29187,0.9850042
29188,0.9697375
29189,0.7005811
29190,0.81127053
29191,0.96223813
29192,0.9286483
29193,0.93067896
29194,0.99327576
29195,0.9081735
29196,0.99353665
29197,0.9744459
29198,0.98671144
29199,0.76472074
29200,0.37728706
29201,0.9931601
29202,0.9917278
29203,0.73429257
29204,0.10934103
29205,0.9608246
29206,0.9022186
29207,0.87823284
29208,0.7026301
29209,0.891109
29210,0.99867344
29211,0.8255906
29212,0.85055363
29213,0.9458168
29214,0.9461232
29215,0.1564549
29216,0.7433138
29217,0.7038307
29218,0.35093996
29219,0.7358487
29220,0.9973822
29221,0.64711756
29222,0.40576646
29223,0.9956994
29224,0.99662614
29225,0.9873718
29226,0.90672624
29227,0.965443
29228,0.32206228
29229,0.79122525
29230,0.84493625
29231,0.92920995
29232,0.45931593
29233,0.5696836
29234,0.6327105
29235,0.6627211
29236,0.9911344
29237,0.9459821
29238,0.43708274
29239,0.80479103
29240,0.9893104
29241,0.69503045
29242,0.9872585
29243,0.54367626
29244,0.9817856
29245,0.9292097
29246,0.78836066
29247,0.5722843
29248,0.95041984
29249,0.9695277
29250,0.90285724
29251,0.21380626
29252,0.79809994
29253,0.9931074
29254,0.98747337
29255,0.9772
29256,0.6936834
29257,0.8587264
29258,0.6915432
29259,0.8046385
29260,0.40175423
29261,0.997943
29262,0.9766333
29263,0.4692677
29264,0.88685715
29265,0.76727635
29266,0.6604918
29267,0.42339003
29268,0.9841113
29269,0.94146866
29270,0.82418096
29271,0.6887378
29272,0.92884487
29273,0.2903943
29274,0.84418255
29275,0.85386604
29276,0.95885336
29277,0.9827771
29278,0.91922474
29279,0.8918718
29280,0.5053465
29281,0.87278044
29282,0.98935246
29283,0.4637696
29284,0.9037353
29285,0.015524725
29286,0.8193497
29287,0.97928816
29288,0.9544435
29289,0.3517712
29290,0.067191906
29291,0.9983438
29292,0.5497563
29293,0.9980439
29294,0.16108873
29295,0.99255824
29296,0.997015
29297,0.99819773
29298,0.43762204
29299,0.99792296
29300,0.40689972
29301,0.61958283
29302,0.80207974
29303,0.81729954
29304,0.9797568
29305,0.9879717
29306,0.050744563
29307,0.99653196
29308,0.9974843
29309,0.42224675
29310,0.99645966
29311,0.9930414
29312,0.9960802
29313,0.98718333
29314,0.9823552
29315,0.923342
29316,0.42766884
29317,0.707985
29318,0.99176675
29319,0.9361542
29320,0.9687057
29321,0.700383
29322,0.2997576
29323,0.9845068
29324,0.9587329
29325,0.6372434
29326,0.9915645
29327,0.70565945
29328,0.9827611
29329,0.90244955
29330,0.9957669
29331,0.9890816
29332,0.9768167
29333,0.44110507
29334,0.99829286
29335,0.97875035
29336,0.016294282
29337,0.2512304
29338,0.9937564
29339,0.9852357
29340,0.99711007
29341,0.8200549
29342,0.7614167
29343,0.47564995
29344,0.7546919
29345,0.833226
29346,0.8702324
29347,0.8698486
29348,0.99241817
29349,0.97728103
29350,0.83885837
29351,0.7010295
29352,0.9876852
29353,0.88699746
29354,0.9722263
29355,0.74762607
29356,0.79511815
29357,0.9978041
29358,0.969118
29359,0.98540825
29360,0.97389007
29361,0.9780733
29362,0.9984276
29363,0.9435533
29364,0.57526076
29365,0.44673094
29366,0.007955941
29367,0.9779636
29368,0.70369506
29369,0.9661551
29370,0.9012628
29371,0.99461925
29372,0.9969318
29373,0.8951274
29374,0.90895665
29375,0.8544027
29376,0.9727959
29377,0.9195222
29378,0.8886924
29379,0.9614419
29380,0.7514175
29381,0.88383836
29382,0.053404935
29383,0.992568
29384,0.25719556
29385,0.93504566
29386,0.9977609
29387,0.79645205
29388,0.51624006
29389,0.96773404
29390,0.966881
29391,0.6866365
29392,0.5940181
29393,0.9739667
29394,0.955423
29395,0.85338
29396,0.9408202
29397,0.7510383
29398,0.764253
29399,0.706379
29400,0.9029832
29401,0.8818406
29402,0.854982
29403,0.99868137
29404,0.4040722
29405,0.37491715
29406,0.2659931
29407,0.69391054
29408,0.70938605
29409,0.8273789
29410,0.9979177
29411,0.6178385
29412,0.88630104
29413,0.2879834
29414,0.9809873
29415,0.98686403
29416,0.7585121
29417,0.99616027
29418,0.82269615
29419,0.99493295
29420,0.98266155
29421,0.91788137
29422,0.022246124
29423,0.9985013
29424,0.962104
29425,0.622315
29426,0.7659847
29427,0.969739
29428,0.9936645
29429,0.6219867
29430,0.99505615
29431,0.9405309
29432,0.95247227
29433,0.9805515
29434,0.9337205
29435,0.7755024
29436,0.97837275
29437,0.77242494
29438,0.9882252
29439,0.97114074
29440,0.9973738
29441,0.96014905
29442,0.8954452
29443,0.99281937
29444,0.543547
29445,0.82740307
29446,0.7832396
29447,0.32648408
29448,0.92918396
29449,0.9588069
29450,0.7175856
29451,0.99830997
29452,0.9943479
29453,0.63423294
29454,0.76333493
29455,0.90799725
29456,0.911955
29457,0.0035552736
29458,0.96418023
29459,0.68933225
29460,0.5120445
29461,0.80556196
29462,0.89551014
29463,0.89978606
29464,0.9658115
29465,0.7504799
29466,0.92306095
29467,0.8852915
29468,0.40951285
29469,0.97270906
29470,0.8937588
29471,0.99806184
29472,0.4174947
29473,0.6301929
29474,0.9460125
29475,0.9644729
29476,0.52353543
29477,0.91861516
29478,0.95077467
29479,0.62940776
29480,0.9963329
29481,0.9916011
29482,0.9304132
29483,0.97731346
29484,0.67041767
29485,0.9468915
29486,0.5255598
29487,0.6032272
29488,0.6647351
29489,0.5699258
29490,0.29105693
29491,0.7802555
29492,0.9177165
29493,0.7076991
29494,0.6806999
29495,0.85587883
29496,0.73027855
29497,0.26682395
29498,0.99868137
29499,0.99109626
29500,0.9871357
29501,0.9166123
29502,0.20891657
29503,0.9979519
29504,0.99372286
29505,0.99005824
29506,0.9032419
29507,0.8138101
29508,0.98586905
29509,0.3209269
29510,0.3682512
29511,0.74318415
29512,0.93085074
29513,0.5364082
29514,0.9819842
29515,0.99690187
29516,0.9505704
29517,0.79450154
29518,0.72647667
29519,0.98307806
29520,0.92490876
29521,0.96376115
29522,0.65550923
29523,0.98617965
29524,0.60945266
29525,0.32902592
29526,0.7525593
29527,0.9854801
29528,0.9100469
29529,0.84299284
29530,0.5912686
29531,0.2840548
29532,0.36136195
29533,0.50814945
29534,0.98699576
29535,0.6934119
29536,0.8993986
29537,0.46226978
29538,0.8910208
29539,0.99062026
29540,0.9904943
29541,0.59353733
29542,0.525516
29543,0.99448013
29544,0.9840098
29545,0.56623983
29546,0.1173659
29547,0.95489454
29548,0.9895962
29549,0.68700767
29550,0.9431115
29551,0.95574236
29552,0.32402605
29553,0.9037318
29554,0.9901904
29555,0.7222222
29556,0.9769056
29557,0.88593096
29558,0.7499617
29559,0.9843717
29560,0.8627093
29561,0.39304638
29562,0.9891182
29563,0.95686185
29564,0.98252964
29565,0.9791444
29566,0.9950832
29567,0.9003532
29568,0.97475827
29569,0.40563115
29570,0.16330823
29571,0.47730696
29572,0.8199801
29573,0.6088788
29574,0.7042251
29575,0.63313526
29576,0.9828759
29577,0.826198
29578,0.99025655
29579,0.79679906
29580,0.642425
29581,0.80612355
29582,0.9952579
29583,0.98861873
29584,0.25405294
29585,0.9968065
29586,0.22349054
29587,0.6214027
29588,0.9774056
29589,0.8525582
29590,0.2102622
29591,0.874703
29592,0.96942556
29593,0.61412895
29594,0.9927578
29595,0.9980032
29596,0.8798155
29597,0.85040313
29598,0.6994592
29599,0.9876145
29600,0.9102798
29601,0.8838284
29602,0.867157
29603,0.46561503
29604,0.8894823
29605,0.18722619
29606,0.992467
29607,0.9271799
29608,0.989734
29609,0.956426
29610,0.16857898
29611,0.62762785
29612,0.4980558
29613,0.91195726
29614,0.87916064
29615,0.8908043
29616,0.5101515
29617,0.909631
29618,0.879454
29619,0.990078
29620,0.5934195
29621,0.67833185
29622,0.7405142
29623,0.5324937
29624,0.8091757
29625,0.6572636
29626,0.9093685
29627,0.87497085
29628,0.47680643
29629,0.52295053
29630,0.9916019
29631,0.89357543
29632,0.9869838
29633,0.93582636
29634,0.94901204
29635,0.92694855
29636,0.99118936
29637,0.8594054
29638,0.9277623
29639,0.69736594
29640,0.8482892
29641,0.9854456
29642,0.9968221
29643,0.991321
29644,0.74516535
29645,0.8856453
29646,0.8974623
29647,0.82114524
29648,0.9830353
29649,0.98479813
29650,0.73892456
29651,0.80607784
29652,0.9922505
29653,0.7790053
29654,0.3551744
29655,0.76134264
29656,0.9191416
29657,0.6326582
29658,0.8674593
29659,0.97197443
29660,0.7525996
29661,0.8595204
29662,0.72302836
29663,0.9985525
29664,0.580853
29665,0.9747301
29666,0.855056
29667,0.463188
29668,0.99671555
29669,0.9842972
29670,0.9894114
29671,0.98083603
29672,0.7946688
29673,0.94959575
29674,0.6756698
29675,0.91380316
29676,0.9973354
29677,0.98558307
29678,0.88186854
29679,0.9887918
29680,0.5798997
29681,0.99049604
29682,0.4802899
29683,0.7154153
29684,0.98661345
29685,0.9044339
29686,0.03230007
29687,0.9988426
29688,0.8947663
29689,0.78367335
29690,0.9946904
29691,0.990445
29692,0.98054194
29693,0.9911321
29694,0.9059605
29695,0.5590092
29696,0.6337343
29697,0.3386979
29698,0.84252834
29699,0.8734971
29700,0.99809486
29701,0.7834556
29702,0.84994733
29703,0.9944991
29704,0.8943768
29705,0.98899394
29706,0.9902954
29707,0.8157376
29708,0.26130742
29709,0.6558282
29710,0.97115123
29711,0.9874303
29712,0.7981078
29713,0.9995259
29714,0.9742148
29715,0.8644508
29716,0.8883738
29717,0.9957318
29718,0.47645625
29719,0.46155646
29720,0.56066746
29721,0.96098375
29722,0.8197902
29723,0.9906816
29724,0.4170555
29725,0.83518714
29726,0.989254
29727,0.9944674
29728,0.9083812
29729,0.99337584
29730,0.9863397
29731,0.91973585
29732,0.98656696
29733,0.8048378
29734,0.96234894
29735,0.75823855
29736,0.58996546
29737,0.6905626
29738,0.9935068
29739,0.525759
29740,0.98117644
29741,0.80492824
29742,0.96598256
29743,0.9982151
29744,0.80000025
29745,0.82192737
29746,0.95133245
29747,0.9215798
29748,0.3703509
29749,0.9837276
29750,0.44767654
29751,0.9945351
29752,0.9782817
29753,0.8037686
29754,0.85542864
29755,0.4558647
29756,0.87682396
29757,0.92731017
29758,0.29236287
29759,0.98414236
29760,0.9566028
29761,0.9888215
29762,0.9751833
29763,0.9597014
29764,0.967477
29765,0.60701203
29766,0.9946585
29767,0.5762584
29768,0.89975476
29769,0.98040503
29770,0.6033415
29771,0.99758637
29772,0.35637757
29773,0.93495566
29774,0.9807684
29775,0.92341495
29776,0.76764333
29777,0.79240614
29778,0.93518275
29779,0.7393901
29780,0.49199793
29781,0.59133536
29782,0.9759275
29783,0.6501152
29784,0.88023335
29785,0.72809476
29786,0.70940727
29787,0.9872974
29788,0.97902143
29789,0.9966008
29790,0.7752703
29791,0.8543232
29792,0.9984756
29793,0.9965513
29794,0.7715991
29795,0.9344023
29796,0.99589384
29797,0.83399147
29798,0.9985233
29799,0.8618447
29800,0.88510877
29801,0.9394677
29802,0.6697961
29803,0.9838552
29804,0.87215644
29805,0.5747071
29806,0.96495074
29807,0.92962945
29808,0.7989892
29809,0.5132369
29810,0.88090616
29811,0.9346807
29812,0.94034404
29813,0.9604276
29814,0.5695117
29815,0.9918669
29816,0.93075716
29817,0.9872478
29818,0.98347175
29819,0.96185416
29820,0.9941949
29821,0.53217953
29822,0.98902625
29823,0.70386225
29824,0.9945492
29825,0.98268306
29826,0.7195056
29827,0.89307785
29828,0.9754166
29829,0.99242264
29830,0.9191844
29831,0.8819316
29832,0.99395376
29833,0.99208224
29834,0.96056926
29835,0.8669324
29836,0.9970638
29837,0.9863694
29838,0.9707492
29839,0.99258864
29840,0.40453517
29841,0.9981008
29842,0.790522
29843,0.99299943
29844,0.9939692
29845,0.7935332
29846,0.984464
29847,0.99593025
29848,0.9945734
29849,0.90016735
29850,0.8286031
29851,0.8823698
29852,0.9979164
29853,0.76239616
29854,0.98731834
29855,0.99923384
29856,0.9786285
29857,0.27719045
29858,0.8971517
29859,0.76827246
29860,0.9839025
29861,0.88607514
29862,0.83596104
29863,0.28854224
29864,0.57529086
29865,0.28202105
29866,0.23637137
29867,0.99087626
29868,0.99309444
29869,0.91106623
29870,0.9924315
29871,0.9524784
29872,0.82456326
29873,0.1399545
29874,0.65885556
29875,0.85693
29876,0.8438566
29877,0.74316126
29878,0.8760938
29879,0.85352975
29880,0.9974509
29881,0.990063
29882,0.93796736
29883,0.99191767
29884,0.9981653
29885,0.3706258
29886,0.43350703
29887,0.74568295
29888,0.95484203
29889,0.7802382
29890,0.86123365
29891,0.87369967
29892,0.96576214
29893,0.9427669
29894,0.81594354
29895,0.9994758
29896,0.5311288
29897,0.57053703
29898,0.53349453
29899,0.9936166
29900,0.700082
29901,0.8357946
29902,0.57818764
29903,0.9759486
29904,0.7665986
29905,0.7703627
29906,0.9005253
29907,0.08419318
29908,0.9725547
29909,0.860034
29910,0.67791253
29911,0.8271007
29912,0.9970227
29913,0.9289527
29914,0.78673077
29915,0.95007527
29916,0.9951768
29917,0.7961266
29918,0.9838604
29919,0.8653921
29920,0.5275526
29921,0.9818449
29922,0.7358952
29923,0.73041207
29924,0.99541336
29925,0.8312711
29926,0.9971929
29927,0.97643095
29928,0.39394343
29929,0.18545167
29930,0.94695014
29931,0.9992568
29932,0.9978241
29933,0.7642803
29934,0.98679197
29935,0.99771154
29936,0.994659
29937,0.9898074
29938,0.90761125
29939,0.9727588
29940,0.96835726
29941,0.8918572
29942,0.9957008
29943,0.2178702
29944,0.96052843
29945,0.9271348
29946,0.91109645
29947,0.7820384
29948,0.97489387
29949,0.9543028
29950,0.9713083
29951,0.9808827
29952,0.75124705
29953,0.7415096
29954,0.94626284
29955,0.9610651
29956,0.74340117
29957,0.5841259
29958,0.442739
29959,0.98689747
29960,0.8896991
29961,0.9967818
29962,0.98542666
29963,0.9523299
29964,0.9872241
29965,0.8929303
29966,0.9892943
29967,0.9973545
29968,0.99075353
29969,0.9648676
29970,0.98641473
29971,0.9395635
29972,0.48301676
29973,0.9899451
29974,0.9457824
29975,0.99397016
29976,0.8217236
29977,0.70778376
29978,0.6582217
29979,0.9832428
29980,0.9731593
29981,0.48724937
29982,0.9904704
29983,0.99361414
29984,0.42094576
29985,0.99845445
29986,0.85613155
29987,0.79459083
29988,0.94723284
29989,0.5039672
29990,0.8575875
29991,0.99695265
29992,0.7714226
29993,0.99433595
29994,0.40816668
29995,0.7143963
29996,0.8693768
29997,0.9115021
29998,0.73826265
29999,0.7781926
30000,0.95523375
30001,0.69572914
30002,0.7562675
30003,0.5534629
30004,0.8560059
30005,0.85980743
30006,0.9572638
30007,0.03812812
30008,0.8649104
30009,0.97236216
30010,0.9376622
30011,0.8723481
30012,0.6928167
30013,0.9280886
30014,0.45462012
30015,0.9991881
30016,0.9449195
30017,0.99215055
30018,0.9899789
30019,0.93243754
30020,0.38883838
30021,0.9947871
30022,0.74988025
30023,0.7737272
30024,0.99771035
30025,0.93620485
30026,0.86712134
30027,0.9702746
30028,0.9838975
30029,0.56047153
30030,0.87446964
30031,0.63914376
30032,0.86834043
30033,0.8686529
30034,0.62142384
30035,0.75077814
30036,0.9237121
30037,0.9921415
30038,0.3874838
30039,0.97589135
30040,0.87783986
30041,0.9969222
30042,0.87149453
30043,0.8118388
30044,0.82381845
30045,0.9882798
30046,0.5053101
30047,0.993193
30048,0.9678382
30049,0.60585886
30050,0.6705573
30051,0.8564389
30052,0.23819888
30053,0.15143867
30054,0.49725598
30055,0.69429606
30056,0.69271547
30057,0.947155
30058,0.0063299146
30059,0.7506352
30060,0.71792233
30061,0.9856053
30062,0.11924492
30063,0.9968548
30064,0.997142
30065,0.9630095
30066,0.99694914
30067,0.97288775
30068,0.9900485
30069,0.9844332
30070,0.8660659
30071,0.8864183
30072,0.36925837
30073,0.50597996
30074,0.9904889
30075,0.9174808
30076,0.969714
30077,0.841695
30078,0.9503632
30079,0.45444632
30080,0.9758066
30081,0.52719426
30082,0.99956924
30083,0.989016
30084,0.8394485
30085,0.998749
30086,0.87511003
30087,0.93211883
30088,0.7597075
30089,0.39426264
30090,0.9228491
30091,0.9809745
30092,0.9962297
30093,0.9962811
30094,0.9467243
30095,0.832749
30096,0.91978335
30097,0.022145318
30098,0.44540444
30099,0.68387157
30100,0.8908863
30101,0.8583848
30102,0.4994005
30103,0.9828839
30104,0.88503057
30105,0.9182077
30106,0.96979684
30107,0.9781226
30108,0.99063337
30109,0.9863154
30110,0.33441943
30111,0.33090475
30112,0.937756
30113,0.7468484
30114,0.95861316
30115,0.900498
30116,0.9798489
30117,0.9378838
30118,0.66320497
30119,0.035181385
30120,0.76724994
30121,0.99256057
30122,0.8242473
30123,0.7837443
30124,0.7070905
30125,0.95540684
30126,0.8556026
30127,0.87865084
30128,0.48732585
30129,0.9814185
30130,0.9678754
30131,0.005719273
30132,0.94496834
30133,0.9922959
30134,0.8005578
30135,0.99762505
30136,0.99597013
30137,0.99112165
30138,0.86351085
30139,0.98589593
30140,0.52667445
30141,0.9974369
30142,0.9933374
30143,0.6237744
30144,0.46143878
30145,0.9828721
30146,0.9952003
30147,0.9247808
30148,0.996289
30149,0.51041883
30150,0.9428082
30151,0.993586
30152,0.771395
30153,0.6952323
30154,0.77982724
30155,0.8691335
30156,0.98275065
30157,0.94462574
30158,0.68158364
30159,0.9938433
30160,0.99398166
30161,0.69397837
30162,0.9113929
30163,0.3254294
30164,0.9969139
30165,0.8760835
30166,0.81976086
30167,0.52919
30168,0.7661289
30169,0.58613527
30170,0.80810654
30171,0.90349114
30172,0.9895353
30173,0.9838923
30174,0.9478859
30175,0.80915064
30176,0.9152328
30177,0.9830577
30178,0.99633634
30179,0.9982589
30180,0.603222
30181,0.98841745
30182,0.8413782
30183,0.9667985
30184,0.795328
30185,0.99500763
30186,0.6140836
30187,0.7350465
30188,0.8934568
30189,0.8532054
30190,0.9933102
30191,0.93763816
30192,0.9499024
30193,0.9960025
30194,0.8892244
30195,0.9818486
30196,0.8876509
30197,0.7613097
30198,0.9903348
30199,0.68596685
30200,0.20385739
30201,0.10924576
30202,0.74911976
30203,0.87321466
30204,0.86563694
30205,0.8570221
30206,0.98645395
30207,0.9853741
30208,0.9713524
30209,0.62874776
30210,0.69323766
30211,0.9985806
30212,0.8856808
30213,0.9958443
30214,0.9329458
30215,0.7791466
30216,0.95071477
30217,0.9917774
30218,0.693757
30219,0.9765688
30220,0.9438321
30221,0.98292184
30222,0.99085754
30223,0.9700679
30224,0.6590383
30225,0.25081012
30226,0.95152754
30227,0.87259877
30228,0.78078395
30229,0.97844815
30230,0.9912293
30231,0.75912184
30232,0.8434869
30233,0.9148462
30234,0.9951631
30235,0.90816575
30236,0.5234732
30237,0.97523177
30238,0.990445
30239,0.88547534
30240,0.97327834
30241,0.0091724135
30242,0.99282384
30243,0.98567396
30244,0.88971317
30245,0.986579
30246,0.6382626
30247,0.83237857
30248,0.80852
30249,0.9857949
30250,0.9793858
30251,0.97597617
30252,0.74376744
30253,0.6027353
30254,0.75596195
30255,0.91781795
30256,0.9811441
30257,0.9529946
30258,0.7969488
30259,0.90936023
30260,0.8676224
30261,0.97975886
30262,0.87501985
30263,0.98406595
30264,0.9603552
30265,0.831781
30266,0.99455863
30267,0.99125975
30268,0.39372784
30269,0.972518
30270,0.9948238
30271,0.93223715
30272,0.7983299
30273,0.9877845
30274,0.60117495
30275,0.800804
30276,0.026550606
30277,0.8423933
30278,0.92809653
30279,0.98957205
30280,0.95412564
30281,0.8185933
30282,0.88264316
30283,0.65979713
30284,0.9613192
30285,0.7493529
30286,0.5703817
30287,0.8076761
30288,0.97028154
30289,0.9537785
30290,0.95096403
30291,0.8804502
30292,0.98422146
30293,0.99128765
30294,0.99563414
30295,0.92445964
30296,0.9163229
30297,0.4553754
30298,0.9952259
30299,0.64766973
30300,0.5569757
30301,0.86827517
30302,0.8001005
30303,0.48948008
30304,0.99788576
30305,0.6926248
30306,0.9969216
30307,0.6748538
30308,0.99025625
30309,0.7148303
30310,0.9927596
30311,0.99297464
30312,0.9905297
30313,0.5433662
30314,0.935167
30315,0.994544
30316,0.92858636
30317,0.25127923
30318,0.6739549
30319,0.67820317
30320,0.9856538
30321,0.99501616
30322,0.6239017
30323,0.7278265
30324,0.96736944
30325,0.9960232
30326,0.9966174
30327,0.81286025
30328,0.9162294
30329,0.5050519
30330,0.99644756
30331,0.8999645
30332,0.94642866
30333,0.9885666
30334,0.97480506
30335,0.98010135
30336,0.9834645
30337,0.92945755
30338,0.8376786
30339,0.7870898
30340,0.98772997
30341,0.9990245
30342,0.9738225
30343,0.9071326
30344,0.99035114
30345,0.88078594
30346,0.6689368
30347,0.9867981
30348,0.9782598
30349,0.7246077
30350,0.87660706
30351,0.9126941
30352,0.9547586
30353,0.99956864
30354,0.9940376
30355,0.96830064
30356,0.9898963
30357,0.6018863
30358,0.914681
30359,0.9178668
30360,0.68020964
30361,0.861638
30362,0.99514645
30363,0.996872
30364,0.98462105
30365,0.9882256
30366,0.9657403
30367,0.7478022
30368,0.5816183
30369,0.7253294
30370,0.6987834
30371,0.99504757
30372,0.9985758
30373,0.70330137
30374,0.68548566
30375,0.9788848
30376,0.94527906
30377,0.71748704
30378,0.9894945
30379,0.98041683
30380,0.94019294
30381,0.97301924
30382,0.28251454
30383,0.64157003
30384,0.9964888
30385,0.59084505
30386,0.32834563
30387,0.91178775
30388,0.98142457
30389,0.9675739
30390,0.99053067
30391,0.6409614
30392,0.46222615
30393,0.76916414
30394,0.99706334
30395,0.9906034
30396,0.9921021
30397,0.96895427
30398,0.36497217
30399,0.6852277
30400,0.99498993
30401,0.99821776
30402,0.7792676
30403,0.70976216
30404,0.99355316
30405,0.9989042
30406,0.8029901
30407,0.9586344
30408,0.8792913
30409,0.86677647
30410,0.99832946
30411,0.99500555
30412,0.9809764
30413,0.96062636
30414,0.89934385
30415,0.3278219
30416,0.775699
30417,0.9722118
30418,0.91006154
30419,0.55130506
30420,0.9878826
30421,0.90136516
30422,0.7762351
30423,0.9280872
30424,0.8897096
30425,0.46903765
30426,0.9070454
30427,0.96925664
30428,0.8411158
30429,0.5098428
30430,0.54330766
30431,0.99691355
30432,0.9885384
30433,0.97477627
30434,0.9934515
30435,0.9889116
30436,0.995552
30437,0.9946891
30438,0.6450737
30439,0.8438261
30440,0.8890921
30441,0.9917122
30442,0.86308974
30443,0.26925433
30444,0.90474164
30445,0.84094423
30446,0.8922564
30447,0.98749685
30448,0.9914123
30449,0.9884171
30450,0.05274407
30451,0.9696833
30452,0.153145
30453,0.5896178
30454,0.9863811
30455,0.9989054
30456,0.9725825
30457,0.85927975
30458,0.6911682
30459,0.90354156
30460,0.9929345
30461,0.51929563
30462,0.8850662
30463,0.6162847
30464,0.9691037
30465,0.95000416
30466,0.98797745
30467,0.9826262
30468,0.971305
30469,0.2658833
30470,0.44333315
30471,0.9984218
30472,0.9247343
30473,0.9897468
30474,0.9034242
30475,0.9583653
30476,0.9449161
30477,0.9902574
30478,0.9326942
30479,0.53113556
30480,0.99262094
30481,0.939317
30482,0.98457265
30483,0.90678966
30484,0.59170187
30485,0.7187132
30486,0.9392943
30487,0.9594945
30488,0.9945701
30489,0.8357737
30490,0.97503936
30491,0.774991
30492,0.90568143
30493,0.8342937
30494,0.9841614
30495,0.9668004
30496,0.7584241
30497,0.3150971
30498,0.9847847
30499,0.74029404
30500,0.9878599
30501,0.9945018
30502,0.9960802
30503,0.7443226
30504,0.6344965
30505,0.954952
30506,0.86910206
30507,0.99041826
30508,0.8386872
30509,0.71193415
30510,0.947693
30511,0.9417684
30512,0.86163414
30513,0.95220596
30514,0.9669995
30515,0.9858031
30516,0.9625235
30517,0.9973997
30518,0.58799046
30519,0.992151
30520,0.9940592
30521,0.4869006
30522,0.7309309
30523,0.9926884
30524,0.96085995
30525,0.60033023
30526,0.8783565
30527,0.9883477
30528,0.4324967
30529,0.96737534
30530,0.96718484
30531,0.70430917
30532,0.9881066
30533,0.7011566
30534,0.983991
30535,0.98348546
30536,0.23272893
30537,0.7922143
30538,0.9124645
30539,0.55559295
30540,0.5930041
30541,0.63443583
30542,0.98459977
30543,0.9421459
30544,0.9225583
30545,0.7896725
30546,0.74104893
30547,0.992361
30548,0.42028493
30549,0.7227692
30550,0.9171446
30551,0.9946942
30552,0.97540003
30553,0.94301236
30554,0.98922604
30555,0.8973035
30556,0.9380314
30557,0.845378
30558,0.8848245
30559,0.9890492
30560,0.52772766
30561,0.80575883
30562,0.009851894
30563,0.6835819
30564,0.9926561
30565,0.9974597
30566,0.9861433
30567,0.70796114
30568,0.6159371
30569,0.69778585
30570,0.9804664
30571,0.9638534
30572,0.98648214
30573,0.3530571
30574,0.99815196
30575,0.89179724
30576,0.6155773
30577,0.9563778
30578,0.9043976
30579,0.8075651
30580,0.9958352
30581,0.7994995
30582,0.9874643
30583,0.9957307
30584,0.8369806
30585,0.60312545
30586,0.99870944
30587,0.9721923
30588,0.68310475
30589,0.9372486
30590,0.9901147
30591,0.9992499
30592,0.78739464
30593,0.9848564
30594,0.7041325
30595,0.8931948
30596,0.9966444
30597,0.99205106
30598,0.9514125
30599,0.87634265
30600,0.876345
30601,0.75997937
30602,0.7182503
30603,0.99808514
30604,0.93724763
30605,0.86232096
30606,0.8677292
30607,0.99649787
30608,0.2654052
30609,0.7161621
30610,0.40947217
30611,0.452599
30612,0.6331227
30613,0.6232981
30614,0.96062356
30615,0.8618773
30616,0.8633938
30617,0.9500226
30618,0.92115694
30619,0.98770833
30620,0.85944265
30621,0.55012
30622,0.9614514
30623,0.5062636
30624,0.9908702
30625,0.9816368
30626,0.98674566
30627,0.34168106
30628,0.47317067
30629,0.26255584
30630,0.6950297
30631,0.9015559
30632,0.38417017
30633,0.74929917
30634,0.9915946
30635,0.9987936
30636,0.7389033
30637,0.9955617
30638,0.80987644
30639,0.9247057
30640,0.9874172
30641,0.6909788
30642,0.76244867
30643,0.9956151
30644,0.99368894
30645,0.6312997
30646,0.9932667
30647,0.37101305
30648,0.4495227
30649,0.7138342
30650,0.8692548
30651,0.88290477
30652,0.99294734
30653,0.9916637
30654,0.8970573
30655,0.99875724
30656,0.80293405
30657,0.8384175
30658,0.42697597
30659,0.69782376
30660,0.85003
30661,0.9907545
30662,0.9921605
30663,0.96080005
30664,0.93924546
30665,0.34809902
30666,0.55065954
30667,0.98093444
30668,0.98191994
30669,0.72688836
30670,0.9887777
30671,0.9963827
30672,0.61010987
30673,0.7518173
30674,0.997804
30675,0.26812267
30676,0.4274965
30677,0.9648453
30678,0.868443
30679,0.8524916
30680,0.2069472
30681,0.8690835
30682,0.873404
30683,0.99354
30684,0.22316319
30685,0.8594134
30686,0.78960836
30687,0.65183884
30688,0.9939138
30689,0.80417496
30690,0.9956558
30691,0.991026
30692,0.99404895
30693,0.5723006
30694,0.99669087
30695,0.966932
30696,0.38223788
30697,0.9766707
30698,0.9182789
30699,0.92937905
30700,0.9891127
30701,0.8853525
30702,0.81274825
30703,0.92022204
30704,0.9674915
30705,0.73935944
30706,0.608142
30707,0.01656202
30708,0.9772918
30709,0.22789311
30710,0.92561775
30711,0.9866284
30712,0.9640551
30713,0.93837845
30714,0.8859269
30715,0.8075817
30716,0.8056475
30717,0.7093576
30718,0.98923993
30719,0.9974504
30720,0.8884107
30721,0.9448815
30722,0.83858305
30723,0.95649606
30724,0.95041573
30725,0.33321354
30726,0.9870411
30727,0.7636521
30728,0.8253544
30729,0.918953
30730,0.9252538
30731,0.9875723
30732,0.79332566
30733,0.7967857
30734,0.43734273
30735,0.95939016
30736,0.6974979
30737,0.90775967
30738,0.9120863
30739,0.9893936
30740,0.8544074
30741,0.7797585
30742,0.933712
30743,0.58879393
30744,0.5297905
30745,0.9905777
30746,0.29583365
30747,0.11031285
30748,0.99115914
30749,0.9458231
30750,0.055077806
30751,0.111720785
30752,0.8327562
30753,0.75394875
30754,0.93626785
30755,0.9985316
30756,0.9529499
30757,0.97399545
30758,0.9117532
30759,0.8715256
30760,0.9938397
30761,0.93068093
30762,0.95639026
30763,0.656155
30764,0.5230056
30765,0.98637486
30766,0.020304846
30767,0.7273481
30768,0.7323413
30769,0.92507094
30770,0.67985594
30771,0.84627986
30772,0.4715965
30773,0.9958003
30774,0.83592886
30775,0.29716936
30776,0.52594554
30777,0.51518846
30778,0.82026756
30779,0.91436285
30780,0.9588311
30781,0.28069928
30782,0.9923596
30783,0.81863093
30784,0.80934864
30785,0.99025553
30786,0.97906965
30787,0.8115871
30788,0.6178246
30789,0.9987172
30790,0.64847815
30791,0.98696065
30792,0.5855982
30793,0.93939734
30794,0.9944983
30795,0.6601973
30796,0.28326684
30797,0.91173226
30798,0.9281027
30799,0.17075214
30800,0.71968293
30801,0.5270435
30802,0.26409847
30803,0.99509794
30804,0.9617574
30805,0.9837134
30806,0.8418604
30807,0.35723686
30808,0.9147548
30809,0.9985946
30810,0.88802123
30811,0.995893
30812,0.93182474
30813,0.98508865
30814,0.93470407
30815,0.9921367
30816,0.9990362
30817,0.6310016
30818,0.6615125
30819,0.4066368
30820,0.8774324
30821,0.7875317
30822,0.7487052
30823,0.8498549
30824,0.5793796
30825,0.99123985
30826,0.8415293
30827,0.315755
30828,0.90023565
30829,0.66170585
30830,0.58498234
30831,0.948077
30832,0.96518654
30833,0.3052872
30834,0.99470216
30835,0.8223508
30836,0.98153394
30837,0.75661737
30838,0.8620651
30839,0.9063397
30840,0.30233032
30841,0.8512635
30842,0.70229644
30843,0.98229766
30844,0.92510664
30845,0.9458521
30846,0.4458802
30847,0.53376013
30848,0.9764414
30849,0.8885938
30850,0.5346132
30851,0.9982828
30852,0.9894701
30853,0.77598447
30854,0.9841171
30855,0.97471285
30856,0.9940838
30857,0.9166934
30858,0.98494303
30859,0.9246556
30860,0.99137235
30861,0.9455834
30862,0.9857146
30863,0.5400606
30864,0.81047076
30865,0.1538676
30866,0.29717678
30867,0.9963971
30868,0.97455806
30869,0.515472
30870,0.2460046
30871,0.3202228
30872,0.9987692
30873,0.94220304
30874,0.92576563
30875,0.88696706
30876,0.6283871
30877,0.9639145
30878,0.87554455
30879,0.008673272
30880,0.9954383
30881,0.8024064
30882,0.46861386
30883,0.5751701
30884,0.9906702
30885,0.8018193
30886,0.26059878
30887,0.70502335
30888,0.99747604
30889,0.8003073
30890,0.99398535
30891,0.48521587
30892,0.9415723
30893,0.504739
30894,0.9614185
30895,0.9589053
30896,0.6196584
30897,0.9994289
30898,0.8332002
30899,0.99372804
30900,0.36292803
30901,0.7518568
30902,0.30823022
30903,0.9882442
30904,0.94141114
30905,0.5193167
30906,0.9479881
30907,0.98385924
30908,0.98792857
30909,0.33254474
30910,0.96892506
30911,0.9787901
30912,0.9984351
30913,0.99758136
30914,0.5022352
30915,0.049946405
30916,0.65372294
30917,0.9981845
30918,0.9392851
30919,0.94013023
30920,0.62410116
30921,0.86254966
30922,0.91668946
30923,0.58570135
30924,0.992432
30925,0.9918057
30926,0.49155837
30927,0.78356403
30928,0.20172207
30929,0.8484258
30930,0.2946165
30931,0.35702074
30932,0.94096017
30933,0.96010935
30934,0.8954251
30935,0.9983925
30936,0.99816704
30937,0.9892027
30938,0.99242085
30939,0.22145432
30940,0.56624234
30941,0.9219365
30942,0.83361346
30943,0.5175297
30944,0.3093478
30945,0.80330145
30946,0.7088511
30947,0.35166645
30948,0.7395717
30949,0.4270921
30950,0.986188
30951,0.8398456
30952,0.9814326
30953,0.98592293
30954,0.95250213
30955,0.88834405
30956,0.16787177
30957,0.7416659
30958,0.017625332
30959,0.5827094
30960,0.9342966
30961,0.8325508
30962,0.69357663
30963,0.74197346
30964,0.9987662
30965,0.8821938
30966,0.99799
30967,0.9276168
30968,0.85110813
30969,0.99531037
30970,0.87977344
30971,0.85554934
30972,0.9923149
30973,0.9972053
30974,0.80231225
30975,0.99720937
30976,0.91460234
30977,0.58859736
30978,0.7617535
30979,0.015830498
30980,0.6007089
30981,0.9537421
30982,0.57356507
30983,0.8536136
30984,0.53130144
30985,0.9729805
30986,0.6658081
30987,0.86952037
30988,0.7223352
30989,0.60360044
30990,0.824678
30991,0.2736497
30992,0.770442
30993,0.9502501
30994,0.9958092
30995,0.86216617
30996,0.992471
30997,0.7815641
30998,0.9231666
30999,0.8908554
31000,0.9842249
31001,0.99086446
31002,0.53568643
31003,0.9519329
31004,0.9919967
31005,0.9726955
31006,0.7978233
31007,0.9943652
31008,0.6643842
31009,0.95118415
31010,0.93953097
31011,0.9950984
31012,0.20985515
31013,0.6314316
31014,0.8525022
31015,0.9692626
31016,0.9860342
31017,0.77362055
31018,0.70583135
31019,0.94611293
31020,0.20886213
31021,0.7827132
31022,0.9655875
31023,0.98831916
31024,0.95602924
31025,0.47748688
31026,0.40999037
31027,0.62736434
31028,0.9952057
31029,0.982014
31030,0.8414261
31031,0.9951024
31032,0.40039247
31033,0.5275242
31034,0.7906641
31035,0.3952186
31036,0.99470156
31037,0.75381356
31038,0.92982453
31039,0.92815363
31040,0.8725565
31041,0.98770976
31042,0.97980356
31043,0.9807545
31044,0.7739705
31045,0.8658133
31046,0.2244007
31047,0.72874534
31048,0.93767005
31049,0.8895771
31050,0.93464434
31051,0.87044775
31052,0.4631877
31053,0.99132746
31054,0.85932857
31055,0.9954722
31056,0.77031684
31057,0.99261135
31058,0.72677004
31059,0.759775
31060,0.93825895
31061,0.909452
31062,0.9802854
31063,0.98644364
31064,0.65983576
31065,0.73165673
31066,0.83289486
31067,0.5614199
31068,0.87481374
31069,0.6913342
31070,0.72450054
31071,0.6731795
31072,0.8697858
31073,0.7322032
31074,0.5882805
31075,0.98912877
31076,0.99227446
31077,0.98884404
31078,0.9707511
31079,0.9988518
31080,0.9154251
31081,0.74208546
31082,0.5905439
31083,0.849916
31084,0.9964737
31085,0.97535974
31086,0.9796254
31087,0.9438917
31088,0.29929227
31089,0.996642
31090,0.014878905
31091,0.92081285
31092,0.99680847
31093,0.527324
31094,0.99158746
31095,0.9758621
31096,0.75523347
31097,0.28099892
31098,0.5113978
31099,0.9314074
31100,0.19324748
31101,0.73691034
31102,0.9894538
31103,0.64792985
31104,0.62351704
31105,0.672071
31106,0.7692618
31107,0.8671715
31108,0.901616
31109,0.6518141
31110,0.9864245
31111,0.0322513
31112,0.99194723
31113,0.9069216
31114,0.9894084
31115,0.5122691
31116,0.9984003
31117,0.93584377
31118,0.8493153
31119,0.88694847
31120,0.98392177
31121,0.9414694
31122,0.7433888
31123,0.39026213
31124,0.96563953
31125,0.671013
31126,0.97309905
31127,0.98140097
31128,0.862975
31129,0.9319704
31130,0.44124717
31131,0.9480364
31132,0.95277625
31133,0.9902327
31134,0.9870216
31135,0.7550138
31136,0.9820271
31137,0.99858344
31138,0.8804451
31139,0.62752473
31140,0.8764179
31141,0.83758014
31142,0.7081248
31143,0.68816054
31144,0.8719742
31145,0.9903808
31146,0.7948835
31147,0.93763995
31148,0.6902089
31149,0.0118536465
31150,0.6981932
31151,0.9418714
31152,0.99685305
31153,0.9272068
31154,0.009252225
31155,0.9941929
31156,0.37579754
31157,0.626336
31158,0.9602461
31159,0.9938554
31160,0.69689864
31161,0.21665859
31162,0.9961461
31163,0.9039148
31164,0.7565435
31165,0.8844145
31166,0.853681
31167,0.93484634
31168,0.3688393
31169,0.87490785
31170,0.6356865
31171,0.5800645
31172,0.926926
31173,0.97451425
31174,0.2633548
31175,0.99490607
31176,0.95675296
31177,0.9782069
31178,0.94094825
31179,0.99531907
31180,0.6780874
31181,0.9979311
31182,0.80497646
31183,0.82336193
31184,0.86547995
31185,0.8952096
31186,0.966275
31187,0.8746258
31188,0.55218166
31189,0.9241144
31190,0.9878422
31191,0.9954342
31192,0.5113189
31193,0.9845612
31194,0.9757446
31195,0.8028077
31196,0.9860015
31197,0.92119336
31198,0.9979463
31199,0.80182195
31200,0.6377611
31201,0.24632402
31202,0.8254437
31203,0.9978648
31204,0.93977517
31205,0.73651713
31206,0.9802033
31207,0.51487213
31208,0.8237226
31209,0.95516425
31210,0.3785294
31211,0.9343886
31212,0.9575015
31213,0.7304665
31214,0.15426886
31215,0.7311296
31216,0.4865923
31217,0.94063157
31218,0.633902
31219,0.9896181
31220,0.90064603
31221,0.99731606
31222,0.9630609
31223,0.9901668
31224,0.9973761
31225,0.41185576
31226,0.86432964
31227,0.94062936
31228,0.9946396
31229,0.0070206225
31230,0.11496132
31231,0.8478031
31232,0.778578
31233,0.7423385
31234,0.6981593
31235,0.47240347
31236,0.8315531
31237,0.8984745
31238,0.0040926053
31239,0.99258137
31240,0.96596724
31241,0.99162817
31242,0.86817247
31243,0.72800124
31244,0.9249379
31245,0.84595394
31246,0.90767354
31247,0.99757606
31248,0.8367112
31249,0.010875493
31250,0.99437225
31251,0.014332954
31252,0.09493005
31253,0.99511045
31254,0.94582266
31255,0.9842464
31256,0.6883264
31257,0.9871594
31258,0.7721725
31259,0.49001947
31260,0.61881137
31261,0.8354033
31262,0.38526827
31263,0.63379496
31264,0.9918094
31265,0.6949823
31266,0.9792037
31267,0.989032
31268,0.60539156
31269,0.79146993
31270,0.9902884
31271,0.83652604
31272,0.57521075
31273,0.7445215
31274,0.99738735
31275,0.9503066
31276,0.9352142
31277,0.7888745
31278,0.92980814
31279,0.44702983
31280,0.5252265
31281,0.87432534
31282,0.7691137
31283,0.99810284
31284,0.5344701
31285,0.5932741
31286,0.73358715
31287,0.81864583
31288,0.99243426
31289,0.94165516
31290,0.8114832
31291,0.8238445
31292,0.77888054
31293,0.18215084
31294,0.8609732
31295,0.5535248
31296,0.2511271
31297,0.8261349
31298,0.8529732
31299,0.9912282
31300,0.46035394
31301,0.6356913
31302,0.9836426
31303,0.898111
31304,0.94150424
31305,0.22610399
31306,0.99288696
31307,0.97496754
31308,0.698489
31309,0.93615365
31310,0.79297423
31311,0.7783393
31312,0.95637083
31313,0.9522992
31314,0.78452325
31315,0.5085794
31316,0.99524045
31317,0.91156507
31318,0.9211048
31319,0.5216755
31320,0.9884865
31321,0.89529145
31322,0.5925119
31323,0.85204935
31324,0.7313469
31325,0.93607354
31326,0.876262
31327,0.8489231
31328,0.9889275
31329,0.99202114
31330,0.99802566
31331,0.988005
31332,0.9206349
31333,0.92934346
31334,0.99675035
31335,0.9854593
31336,0.0781246
31337,0.9016593
31338,0.011769987
31339,0.58934075
31340,0.7140301
31341,0.6989904
31342,0.9224698
31343,0.99562496
31344,0.77766323
31345,0.9891651
31346,0.004287927
31347,0.7504958
31348,0.68038845
31349,0.914355
31350,0.9923038
31351,0.59615445
31352,0.9220889
31353,0.9235813
31354,0.9266489
31355,0.9976884
31356,0.034734283
31357,0.8982638
31358,0.95289034
31359,0.5298273
31360,0.61835724
31361,0.54550105
31362,0.6324032
31363,0.99531317
31364,0.9960967
31365,0.9580883
31366,0.71762633
31367,0.93509156
31368,0.30593222
31369,0.9630351
31370,0.6693524
31371,0.56883955
31372,0.9942094
31373,0.53440124
31374,0.9793601
31375,0.99463695
31376,0.9962393
31377,0.8763696
31378,0.9142907
31379,0.5626126
31380,0.97335863
31381,0.80897975
31382,0.7676824
31383,0.44984385
31384,0.8673952
31385,0.9732661
31386,0.011192319
31387,0.9882101
31388,0.24755935
31389,0.99864835
31390,0.96519184
31391,0.9823498
31392,0.9838399
31393,0.7005117
31394,0.48818943
31395,0.94724774
31396,0.6135401
31397,0.9956656
31398,0.74972457
31399,0.5741538
31400,0.95245916
31401,0.90298533
31402,0.59496677
31403,0.88236326
31404,0.9394893
31405,0.6290912
31406,0.8464192
31407,0.96458447
31408,0.9718105
31409,0.8929092
31410,0.870631
31411,0.9926426
31412,0.7884482
31413,0.6447659
31414,0.33554214
31415,0.98902684
31416,0.87539613
31417,0.77279675
31418,0.35220414
31419,0.76510113
31420,0.55646944
31421,0.7215313
31422,0.9839118
31423,0.2736236
31424,0.9980414
31425,0.46713603
31426,0.8777685
31427,0.9835423
31428,0.8837943
31429,0.72661984
31430,0.8055677
31431,0.8205694
31432,0.8117522
31433,0.9398336
31434,0.7769633
31435,0.9865341
31436,0.9911097
31437,0.9859314
31438,0.83266157
31439,0.5787251
31440,0.8149101
31441,0.9662822
31442,0.56636196
31443,0.27533475
31444,0.9970505
31445,0.9508179
31446,0.9906866
31447,0.9830393
31448,0.0090240175
31449,0.91448414
31450,0.8431472
31451,0.93995917
31452,0.986193
31453,0.79368633
31454,0.77566886
31455,0.5263108
31456,0.72386074
31457,0.4935452
31458,0.7735597
31459,0.8710942
31460,0.99582654
31461,0.980306
31462,0.8875283
31463,0.8528636
31464,0.9890097
31465,0.9749883
31466,0.8580811
31467,0.7816469
31468,0.6552566
31469,0.9923057
31470,0.22695741
31471,0.9059759
31472,0.7139165
31473,0.6531316
31474,0.8090674
31475,0.9653787
31476,0.999137
31477,0.7595603
31478,0.9985067
31479,0.8311936
31480,0.8428014
31481,0.84913474
31482,0.56939256
31483,0.80769694
31484,0.9962823
31485,0.95723593
31486,0.7688071
31487,0.7126345
31488,0.9971355
31489,0.99034554
31490,0.9657002
31491,0.7782225
31492,0.95084
31493,0.9187652
31494,0.74017346
31495,0.8613335
31496,0.8323565
31497,0.018896282
31498,0.42660904
31499,0.9099681
31500,0.86194897
31501,0.95889884
31502,0.766762
31503,0.9836158
31504,0.8016545
31505,0.858459
31506,0.96229374
31507,0.975805
31508,0.9975133
31509,0.72921324
31510,0.83043766
31511,0.0077586155
31512,0.9929428
31513,0.79689944
31514,0.95574147
31515,0.9769453
31516,0.9896863
31517,0.98478425
31518,0.9588747
31519,0.85192984
31520,0.4794593
31521,0.99488294
31522,0.9906246
31523,0.5990325
31524,0.8458374
31525,0.75055915
31526,0.9781813
31527,0.8840376
31528,0.2979969
31529,0.9988134
31530,0.9981635
31531,0.90266776
31532,0.8466552
31533,0.99644274
31534,0.9748263
31535,0.6104732
31536,0.9905123
31537,0.7551932
31538,0.49689692
31539,0.98262525
31540,0.60824746
31541,0.8217709
31542,0.9971215
31543,0.9388354
31544,0.41696158
31545,0.98729426
31546,0.8830829
31547,0.99388075
31548,0.44602603
31549,0.6965467
31550,0.87036073
31551,0.8832951
31552,0.92201555
31553,0.9944248
31554,0.7970512
31555,0.995282
31556,0.99226403
31557,0.9935061
31558,0.83682096
31559,0.94585997
31560,0.978459
31561,0.6830542
31562,0.75532854
31563,0.7789128
31564,0.8070625
31565,0.97990227
31566,0.6392388
31567,0.9046343
31568,0.9905488
31569,0.989632
31570,0.9952434
31571,0.81763375
31572,0.99063444
31573,0.8746738
31574,0.2678041
31575,0.83782256
31576,0.9392418
31577,0.4663667
31578,0.9921257
31579,0.8395866
31580,0.98883504
31581,0.97797686
31582,0.27250215
31583,0.5959729
31584,0.6289868
31585,0.30628368
31586,0.9084175
31587,0.7465853
31588,0.6103058
31589,0.7127665
31590,0.94665116
31591,0.89254177
31592,0.80825156
31593,0.26622677
31594,0.9352543
31595,0.6639655
31596,0.9615837
31597,0.4890721
31598,0.5951682
31599,0.7981028
31600,0.7696815
31601,0.9451119
31602,0.9940117
31603,0.13188949
31604,0.3232248
31605,0.9963302
31606,0.89481723
31607,0.96921164
31608,0.9890042
31609,0.8930232
31610,0.9742944
31611,0.45407766
31612,0.9934542
31613,0.2608703
31614,0.99484503
31615,0.2625607
31616,0.71104336
31617,0.9915031
31618,0.77754515
31619,0.8894623
31620,0.8738021
31621,0.898713
31622,0.93398345
31623,0.9673657
31624,0.716952
31625,0.982941
31626,0.54182345
31627,0.8782418
31628,0.9854762
31629,0.9569494
31630,0.99896586
31631,0.99835736
31632,0.4922713
31633,0.79628986
31634,0.9941911
31635,0.95107347
31636,0.93423694
31637,0.9577082
31638,0.994793
31639,0.9888075
31640,0.996512
31641,0.83174694
31642,0.95238805
31643,0.97993314
31644,0.812244
31645,0.6265806
31646,0.63102204
31647,0.92154765
31648,0.9916402
31649,0.5288788
31650,0.99646074
31651,0.59210455
31652,0.9852669
31653,0.9235054
31654,0.98784477
31655,0.8535433
31656,0.48388013
31657,0.6020504
31658,0.9945391
31659,0.99540114
31660,0.36368322
31661,0.9895919
31662,0.80549926
31663,0.86669075
31664,0.7001549
31665,0.7404687
31666,0.8271566
31667,0.99656147
31668,0.6197429
31669,0.6095621
31670,0.99405175
31671,0.7956746
31672,0.98503083
31673,0.82246464
31674,0.72468054
31675,0.3976908
31676,0.82570726
31677,0.10571247
31678,0.9266091
31679,0.9901721
31680,0.6766022
31681,0.95945925
31682,0.80556315
31683,0.8831797
31684,0.7936731
31685,0.88829637
31686,0.6301522
31687,0.61344284
31688,0.7271024
31689,0.6327916
31690,0.74192834
31691,0.54194903
31692,0.24725685
31693,0.9684203
31694,0.6167853
31695,0.9869147
31696,0.9970475
31697,0.73148954
31698,0.52669644
31699,0.88714445
31700,0.92479557
31701,0.93779606
31702,0.6953102
31703,0.9565281
31704,0.9782592
31705,0.9871417
31706,0.48038962
31707,0.90251637
31708,0.9495322
31709,0.37563765
31710,0.017043209
31711,0.86411315
31712,0.55217576
31713,0.9287411
31714,0.9987018
31715,0.5351051
31716,0.8264371
31717,0.97219026
31718,0.2784447
31719,0.9879192
31720,0.9656085
31721,0.801531
31722,0.97925436
31723,0.38410264
31724,0.7713031
31725,0.5860153
31726,0.9616321
31727,0.93442166
31728,0.9638192
31729,0.57252747
31730,0.73791444
31731,0.991135
31732,0.2729249
31733,0.99633944
31734,0.9994392
31735,0.7183491
31736,0.62206274
31737,0.9935992
31738,0.6679046
31739,0.9872207
31740,0.9987841
31741,0.9200159
31742,0.6270125
31743,0.75855935
31744,0.8489175
31745,0.33258638
31746,0.99253464
31747,0.9918719
31748,0.54896194
31749,0.5522972
31750,0.6590822
31751,0.9916299
31752,0.907892
31753,0.4861845
31754,0.7539554
31755,0.98076344
31756,0.62659645
31757,0.9674828
31758,0.098619826
31759,0.8609756
31760,0.49319407
31761,0.39358646
31762,0.98232114
31763,0.7114882
31764,0.99284875
31765,0.99625576
31766,0.8917071
31767,0.8292869
31768,0.8906452
31769,0.96889395
31770,0.66322166
31771,0.9054505
31772,0.96292293
31773,0.9949175
31774,0.7772936
31775,0.98283905
31776,0.919188
31777,0.6607607
31778,0.77018416
31779,0.92891216
31780,0.56632674
31781,0.8619705
31782,0.8480983
31783,0.65490144
31784,0.9748446
31785,0.9436785
31786,0.6646059
31787,0.5955322
31788,0.59839225
31789,0.97987294
31790,0.24059378
31791,0.97914726
31792,0.99406886
31793,0.8066199
31794,0.7618894
31795,0.1477957
31796,0.3504074
31797,0.57681555
31798,0.8122433
31799,0.99004793
31800,0.3541795
31801,0.83677465
31802,0.3417862
31803,0.71589744
31804,0.69189775
31805,0.94790035
31806,0.93806714
31807,0.94703513
31808,0.99796283
31809,0.10829163
31810,0.39988652
31811,0.4666239
31812,0.79001105
31813,0.5005023
31814,0.9752515
31815,0.8161856
31816,0.9945543
31817,0.7802986
31818,0.92477435
31819,0.9228292
31820,0.79693305
31821,0.5025032
31822,0.72255886
31823,0.99232084
31824,0.94154495
31825,0.51772994
31826,0.84825563
31827,0.5938567
31828,0.53013957
31829,0.56603277
31830,0.43329337
31831,0.995304
31832,0.96043825
31833,0.9959863
31834,0.98991287
31835,0.9525384
31836,0.99321777
31837,0.9948796
31838,0.98305446
31839,0.7918092
31840,0.9488744
31841,0.4328363
31842,0.9944137
31843,0.9828631
31844,0.87254596
31845,0.00500097
31846,0.9706071
31847,0.46363217
31848,0.8170562
31849,0.96923167
31850,0.9652268
31851,0.50064856
31852,0.77852935
31853,0.72046024
31854,0.68039155
31855,0.9916067
31856,0.7462838
31857,0.9766406
31858,0.6605204
31859,0.98541796
31860,0.9975846
31861,0.99458534
31862,0.9879289
31863,0.95915043
31864,0.9913476
31865,0.91092825
31866,0.86332005
31867,0.86964995
31868,0.6181959
31869,0.74941045
31870,0.95486146
31871,0.89200646
31872,0.89385736
31873,0.69547665
31874,0.8372078
31875,0.9460551
31876,0.47825935
31877,0.99315566
31878,0.9959543
31879,0.6380738
31880,0.988461
31881,0.9963716
31882,0.6596648
31883,0.8730607
31884,0.8238451
31885,0.9963722
31886,0.9825575
31887,0.75680614
31888,0.99908113
31889,0.9898408
31890,0.9988103
31891,0.97973484
31892,0.062383037
31893,0.9986255
31894,0.9919418
31895,0.70439243
31896,0.79490906
31897,0.96049833
31898,0.9534999
31899,0.9748209
31900,0.99518776
31901,0.9360515
31902,0.78683186
31903,0.82926166
31904,0.76692843
31905,0.95406
31906,0.97604805
31907,0.9890386
31908,0.8318331
31909,0.9604409
31910,0.6862031
31911,0.8097324
31912,0.9841331
31913,0.98340917
31914,0.9016516
31915,0.89978766
31916,0.9063452
31917,0.9924629
31918,0.84820914
31919,0.8940779
31920,0.8447578
31921,0.6405516
31922,0.9848585
31923,0.023050098
31924,0.59954935
31925,0.72554463
31926,0.99433607
31927,0.9219297
31928,0.8833643
31929,0.8996327
31930,0.82114524
31931,0.76109713
31932,0.6417747
31933,0.5609072
31934,0.90592283
31935,0.98892164
31936,0.5160283
31937,0.994584
31938,0.9946897
31939,0.6688337
31940,0.9228657
31941,0.80663705
31942,0.9924078
31943,0.8697547
31944,0.8943146
31945,0.38860825
31946,0.9947648
31947,0.998696
31948,0.51196843
31949,0.16990817
31950,0.6007708
31951,0.80687547
31952,0.49232793
31953,0.99330926
31954,0.9204544
31955,0.9458637
31956,0.8492287
31957,0.92581606
31958,0.9675915
31959,0.695419
31960,0.9944395
31961,0.9426268
31962,0.84495795
31963,0.99189407
31964,0.9765562
31965,0.9967359
31966,0.9677269
31967,0.88442683
31968,0.9665781
31969,0.9984956
31970,0.7851444
31971,0.88886
31972,0.74880815
31973,0.96448874
31974,0.9954608
31975,0.72724146
31976,0.8503678
31977,0.892464
31978,0.8919118
31979,0.9103043
31980,0.7352229
31981,0.86023575
31982,0.99204504
31983,0.9993463
31984,0.3037618
31985,0.9841515
31986,0.022521464
31987,0.5466446
31988,0.7820582
31989,0.9882406
31990,0.76873505
31991,0.99001443
31992,0.99533314
31993,0.85757595
31994,0.93577415
31995,0.2933276
31996,0.2964305
31997,0.43037757
31998,0.4953066
31999,0.99498534
32000,0.42942396
32001,0.0370942
32002,0.9896259
32003,0.54045415
32004,0.9555963
32005,0.99371123
32006,0.98987645
32007,0.9906053
32008,0.67879957
32009,0.82077837
32010,0.7284172
32011,0.96211386
32012,0.97556096
32013,0.95922995
32014,0.96980613
32015,0.9875165
32016,0.14543293
32017,0.86483306
32018,0.8923479
32019,0.99770385
32020,0.48899344
32021,0.9222498
32022,0.9630463
32023,0.85655403
32024,0.011542683
32025,0.98885775
32026,0.5924226
32027,0.9976089
32028,0.98836786
32029,0.975248
32030,0.6052269
32031,0.8081285
32032,0.98978674
32033,0.9678916
32034,0.7894365
32035,0.96875364
32036,0.99543977
32037,0.8533693
32038,0.9926563
32039,0.73343444
32040,0.6765748
32041,0.36145946
32042,0.8222865
32043,0.2976379
32044,0.7145079
32045,0.9714551
32046,0.9796311
32047,0.9093542
32048,0.83813596
32049,0.97175467
32050,0.82503814
32051,0.9504508
32052,0.9832085
32053,0.9279985
32054,0.71585405
32055,0.19408017
32056,0.77545315
32057,0.7099961
32058,0.99389887
32059,0.6832201
32060,0.9813539
32061,0.97244
32062,0.72638977
32063,0.9835609
32064,0.9097934
32065,0.66103464
32066,0.86442053
32067,0.9742846
32068,0.9228215
32069,0.93664974
32070,0.8924167
32071,0.98118275
32072,0.97559005
32073,0.9838144
32074,0.6219012
32075,0.99006957
32076,0.90526974
32077,0.5517111
32078,0.14855711
32079,0.48200816
32080,0.68228954
32081,0.8540731
32082,0.33268508
32083,0.9914425
32084,0.99038005
32085,0.99830496
32086,0.69282234
32087,0.87049186
32088,0.4547156
32089,0.99877924
32090,0.9856926
32091,0.9677995
32092,0.5564747
32093,0.7139558
32094,0.99145716
32095,0.96952593
32096,0.98629457
32097,0.99724954
32098,0.96642137
32099,0.92028475
32100,0.50805056
32101,0.44164106
32102,0.9455461
32103,0.5293463
32104,0.93398255
32105,0.9824393
32106,0.83339554
32107,0.854731
32108,0.99779546
32109,0.99601525
32110,0.51436955
32111,0.53920186
32112,0.9065781
32113,0.7771912
32114,0.16124554
32115,0.8699113
32116,0.97026765
32117,0.9614326
32118,0.8475076
32119,0.9863777
32120,0.6258324
32121,0.9292542
32122,0.32187355
32123,0.38287872
32124,0.99666923
32125,0.6494592
32126,0.4252076
32127,0.67505556
32128,0.91031647
32129,0.78905123
32130,0.99687284
32131,0.81201315
32132,0.7659283
32133,0.9929489
32134,0.6722869
32135,0.34924057
32136,0.31283814
32137,0.8749692
32138,0.8497043
32139,0.7915476
32140,0.71714914
32141,0.9788801
32142,0.97780585
32143,0.9831835
32144,0.98104376
32145,0.6448038
32146,0.99708
32147,0.93008614
32148,0.9665896
32149,0.7345009
32150,0.769884
32151,0.7337047
32152,0.99222374
32153,0.7558743
32154,0.9559509
32155,0.988139
32156,0.77569073
32157,0.8554828
32158,0.72149
32159,0.8648824
32160,0.7969018
32161,0.9884432
32162,0.8810857
32163,0.968568
32164,0.8698939
32165,0.42149606
32166,0.9584756
32167,0.5200041
32168,0.5060409
32169,0.62037224
32170,0.57063735
32171,0.9232245
32172,0.99680686
32173,0.9958936
32174,0.99850476
32175,0.9958729
32176,0.008249531
32177,0.99163014
32178,0.3601666
32179,0.74922025
32180,0.43699744
32181,0.6205059
32182,0.52861226
32183,0.3530641
32184,0.57147616
32185,0.9930917
32186,0.6170891
32187,0.4873203
32188,0.8447363
32189,0.6917062
32190,0.9166095
32191,0.23469737
32192,0.9960752
32193,0.9805362
32194,0.9511806
32195,0.9721982
32196,0.98020935
32197,0.6736228
32198,0.9567941
32199,0.35986522
32200,0.9958175
32201,0.94477457
32202,0.9834821
32203,0.9148863
32204,0.71096295
32205,0.9814207
32206,0.99535614
32207,0.79608256
32208,0.1794824
32209,0.72191554
32210,0.99765295
32211,0.83164406
32212,0.43923837
32213,0.8162691
32214,0.9582193
32215,0.6292457
32216,0.979996
32217,0.969237
32218,0.98912525
32219,0.9936678
32220,0.93501693
32221,0.9981907
32222,0.99634355
32223,0.95684487
32224,0.9582058
32225,0.24692607
32226,0.722361
32227,0.5970996
32228,0.9965708
32229,0.99539316
32230,0.85493827
32231,0.05245587
32232,0.6126881
32233,0.9746227
32234,0.5035544
32235,0.9792645
32236,0.99577737
32237,0.87100536
32238,0.912923
32239,0.98187315
32240,0.99149865
32241,0.9894413
32242,0.8728661
32243,0.85207635
32244,0.6877708
32245,0.9240446
32246,0.7596108
32247,0.86778
32248,0.9248191
32249,0.99941945
32250,0.97833055
32251,0.9882379
32252,0.9854011
32253,0.6897481
32254,0.985795
32255,0.6235261
32256,0.7825063
32257,0.98922265
32258,0.98109186
32259,0.97036517
32260,0.55787224
32261,0.8586443
32262,0.9634406
32263,0.9833893
32264,0.8476209
32265,0.9529682
32266,0.9819858
32267,0.9744358
32268,0.703045
32269,0.669623
32270,0.7965689
32271,0.9711024
32272,0.9844519
32273,0.86292493
32274,0.2138783
32275,0.64928764
32276,0.40592653
32277,0.8452233
32278,0.7758261
32279,0.013759212
32280,0.75452536
32281,0.9846051
32282,0.6678207
32283,0.98779863
32284,0.9983708
32285,0.9917201
32286,0.67178166
32287,0.9797341
32288,0.8246405
32289,0.8986787
32290,0.8404967
32291,0.7370957
32292,0.97165114
32293,0.20021988
32294,0.56738746
32295,0.8952477
32296,0.758995
32297,0.66984135
32298,0.5997787
32299,0.14496161
32300,0.8873876
32301,0.98998415
32302,0.97539526
32303,0.9558644
32304,0.98973745
32305,0.7294414
32306,0.46216458
32307,0.29277453
32308,0.5720025
32309,0.78935677
32310,0.6827895
32311,0.8685503
32312,0.9870143
32313,0.9069291
32314,0.9402292
32315,0.36482334
32316,0.9931203
32317,0.8272486
32318,0.644261
32319,0.4869646
32320,0.964278
32321,0.99055266
32322,0.4258807
32323,0.9795925
32324,0.7864693
32325,0.982212
32326,0.296918
32327,0.88719934
32328,0.9150109
32329,0.7290734
32330,0.9959145
32331,0.526919
32332,0.92000455
32333,0.275019
32334,0.60713935
32335,0.941546
32336,0.80822575
32337,0.5122559
32338,0.83685225
32339,0.98100084
32340,0.99896824
32341,0.9679234
32342,0.9956683
32343,0.98256516
32344,0.79010403
32345,0.8326019
32346,0.66349775
32347,0.9101701
32348,0.91093636
32349,0.9198156
32350,0.9980348
32351,0.9987061
32352,0.9961378
32353,0.9323145
32354,0.99253136
32355,0.9884764
32356,0.88783777
32357,0.49328178
32358,0.9932467
32359,0.95565164
32360,0.8367201
32361,0.95965147
32362,0.99668044
32363,0.77455163
32364,0.943629
32365,0.5463474
32366,0.8225323
32367,0.90267146
32368,0.6282797
32369,0.8795396
32370,0.5121308
32371,0.98672605
32372,0.8036213
32373,0.9111504
32374,0.9969829
32375,0.9618765
32376,0.9918869
32377,0.29361692
32378,0.84413683
32379,0.9261808
32380,0.08717653
32381,0.5746216
32382,0.78517216
32383,0.9074603
32384,0.9137895
32385,0.8596256
32386,0.9185454
32387,0.7407967
32388,0.73274213
32389,0.94513625
32390,0.9914698
32391,0.99169207
32392,0.8828
32393,0.9679546
32394,0.7193255
32395,0.912265
32396,0.8141635
32397,0.80214286
32398,0.9958359
32399,0.54478186
32400,0.8738064
32401,0.9078721
32402,0.89711833
32403,0.79997927
32404,0.5159128
32405,0.6819319
32406,0.7713415
32407,0.9799051
32408,0.7230589
32409,0.23679808
32410,0.99946135
32411,0.21600594
32412,0.768962
32413,0.5859286
32414,0.64575493
32415,0.46986863
32416,0.81842864
32417,0.9917606
32418,0.9947391
32419,0.98014426
32420,0.9928269
32421,0.99144334
32422,0.9930895
32423,0.974245
32424,0.77529657
32425,0.9197248
32426,0.99587494
32427,0.5805012
32428,0.98335326
32429,0.5300807
32430,0.92946875
32431,0.69071555
32432,0.5964426
32433,0.98842585
32434,0.98515004
32435,0.9483947
32436,0.99461514
32437,0.8986843
32438,0.897385
32439,0.99303764
32440,0.4154018
32441,0.9631132
32442,0.96566474
32443,0.9915296
32444,0.35569528
32445,0.9684461
32446,0.75251263
32447,0.9978156
32448,0.9064341
32449,0.92729956
32450,0.9430178
32451,0.96715343
32452,0.966215
32453,0.9900693
32454,0.8059031
32455,0.31868473
32456,0.60256207
32457,0.97201836
32458,0.9492958
32459,0.8035985
32460,0.99297005
32461,0.46193355
32462,0.89442605
32463,0.6139484
32464,0.90003926
32465,0.44126967
32466,0.78186023
32467,0.88618463
32468,0.9631538
32469,0.86432457
32470,0.97736007
32471,0.58388233
32472,0.88282
32473,0.49070615
32474,0.4408763
32475,0.8673051
32476,0.9495134
32477,0.99540365
32478,0.9581596
32479,0.9903419
32480,0.9400136
32481,0.86098605
32482,0.6662338
32483,0.41859463
32484,0.01387407
32485,0.71995336
32486,0.46141064
32487,0.800122
32488,0.99543923
32489,0.6665393
32490,0.9918286
32491,0.8888754
32492,0.80805844
32493,0.9871725
32494,0.6553469
32495,0.9810523
32496,0.63578457
32497,0.99703133
32498,0.7176164
32499,0.89757264
32500,0.9037927
32501,0.11638278
32502,0.8009022
32503,0.98715204
32504,0.9718949
32505,0.97906965
32506,0.7973012
32507,0.40110764
32508,0.8615984
32509,0.98596466
32510,0.99487114
32511,0.7019686
32512,0.9976102
32513,0.86141914
32514,0.930262
32515,0.4345587
32516,0.9620764
32517,0.68257415
32518,0.99244773
32519,0.99226886
32520,0.7288265
32521,0.8430779
32522,0.9887028
32523,0.652189
32524,0.9603073
32525,0.90966886
32526,0.97561455
32527,0.5838306
32528,0.95264965
32529,0.8006126
32530,0.9881269
32531,0.9963528
32532,0.9547213
32533,0.9778282
32534,0.37163916
32535,0.98894495
32536,0.9221189
32537,0.89038646
32538,0.4770592
32539,0.6863142
32540,0.904506
32541,0.7801655
32542,0.2636282
32543,0.9909678
32544,0.2739186
32545,0.9824928
32546,0.112686515
32547,0.7399053
32548,0.9952123
32549,0.3201809
32550,0.99777573
32551,0.6865483
32552,0.8796298
32553,0.9311811
32554,0.9228628
32555,0.026973097
32556,0.98089224
32557,0.839907
32558,0.7819911
32559,0.97769326
32560,0.71101975
32561,0.7242477
32562,0.5536497
32563,0.3186896
32564,0.63011646
32565,0.9811762
32566,0.97993326
32567,0.8772927
32568,0.7572737
32569,0.99576193
32570,0.95668334
32571,0.9683403
32572,0.83047706
32573,0.9925277
32574,0.98774964
32575,0.8434558
32576,0.96689844
32577,0.1655531
32578,0.58063084
32579,0.5929671
32580,0.8020309
32581,0.92468244
32582,0.897895
32583,0.7674424
32584,0.7379534
32585,0.9711041
32586,0.88696
32587,0.61939514
32588,0.66999274
32589,0.78573775
32590,0.9939756
32591,0.99738926
32592,0.99784887
32593,0.76666087
32594,0.63947487
32595,0.72715694
32596,0.85030025
32597,0.6673365
32598,0.94242185
32599,0.8282583
32600,0.7192248
32601,0.88345087
32602,0.9526572
32603,0.80758005
32604,0.80816185
32605,0.7914782
32606,0.92594856
32607,0.7713511
32608,0.8077867
32609,0.78485274
32610,0.006344387
32611,0.99001837
32612,0.9084427
32613,0.64603084
32614,0.9963425
32615,0.9522021
32616,0.45300466
32617,0.9948308
32618,0.4373462
32619,0.83643097
32620,0.5793104
32621,0.6667403
32622,0.829825
32623,0.99168265
32624,0.7023138
32625,0.6026973
32626,0.9394244
32627,0.3574171
32628,0.71042573
32629,0.9323887
32630,0.79981905
32631,0.7486713
32632,0.4230849
32633,0.9675627
32634,0.8536324
32635,0.70219827
32636,0.76952875
32637,0.33284938
32638,0.6404283
32639,0.99740523
32640,0.3738229
32641,0.98086965
32642,0.98857844
32643,0.34204012
32644,0.48895183
32645,0.9015031
32646,0.97910166
32647,0.97555315
32648,0.00912299
32649,0.6287062
32650,0.98837143
32651,0.8723385
32652,0.82784027
32653,0.978391
32654,0.930454
32655,0.98873085
32656,0.7852209
32657,0.59194905
32658,0.9938717
32659,0.35424376
32660,0.97347236
32661,0.8649647
32662,0.34740353
32663,0.9425641
32664,0.74852586
32665,0.3884573
32666,0.6232133
32667,0.4021868
32668,0.7365852
32669,0.40632567
32670,0.9839962
32671,0.97717035
32672,0.84341455
32673,0.95584375
32674,0.26864737
32675,0.99180084
32676,0.9906159
32677,0.8600888
32678,0.93026996
32679,0.9986926
32680,0.580738
32681,0.9943715
32682,0.9313843
32683,0.54279274
32684,0.4526195
32685,0.93442637
32686,0.7110112
32687,0.9347087
32688,0.029370043
32689,0.58871514
32690,0.69163483
32691,0.5682857
32692,0.72794926
32693,0.9982419
32694,0.9903436
32695,0.9405682
32696,0.5085172
32697,0.53802335
32698,0.94282
32699,0.9851636
32700,0.8825813
32701,0.95829374
32702,0.9772284
32703,0.86929303
32704,0.9639235
32705,0.8334066
32706,0.679677
32707,0.99700505
32708,0.86019415
32709,0.009436276
32710,0.9450559
32711,0.8201032
32712,0.99345475
32713,0.9607534
32714,0.9866457
32715,0.97788006
32716,0.95712304
32717,0.97083867
32718,0.59095865
32719,0.93352216
32720,0.5565568
32721,0.9934354
32722,0.72392404
32723,0.7670509
32724,0.9993436
32725,0.9897154
32726,0.9099998
32727,0.5078984
32728,0.98468256
32729,0.9316987
32730,0.90071315
32731,0.97174567
32732,0.9947444
32733,0.9858899
32734,0.91714376
32735,0.9987866
32736,0.98797697
32737,0.60947144
32738,0.9946101
32739,0.9958163
32740,0.9114442
32741,0.6222647
32742,0.92935705
32743,0.7017926
32744,0.9012102
32745,0.9785866
32746,0.82373357
32747,0.9912498
32748,0.8135226
32749,0.9824356
32750,0.9743737
32751,0.96066684
32752,0.89171433
32753,0.8734381
32754,0.8497365
32755,0.9886097
32756,0.85992694
32757,0.45791438
32758,0.87265843
32759,0.79076743
32760,0.9510941
32761,0.9926329
32762,0.954704
32763,0.99165606
32764,0.9969829
32765,0.83305407
32766,0.99197644
32767,0.8505392
32768,0.6484721
